2
-1.71722009854e-06 0.000106264362851 0.000212716958442 0.000118033900546 -0.00903222245806 0.23753933654 -0.00108337040955 0.00302795815 97.245244325 end
-9.08114048338e-06 0.00128682953112 -0.0425205119151 0.000692014387445 -0.0936799823371 3.01163027189 0.011040414553 -2.1672055544 195.271255106 end
1.06355311573e-05 -0.00289203701141 0.158208587115 6.28178605212e-06 -0.0543214831333 10.3623001092 0.0207690239832 -7.64398447081 782.330426758 end
3.29095482426e-07 -0.000169379010784 0.021688273107 -2.50246705611e-05 0.0135122250829 -1.66690604438 0.000400112943469 -0.297984588069 127.244211804 end
1.16770785466e-05 -0.000235602115981 0.00125122085883 -0.00206404032044 0.0339540815012 -0.00206470182522 0.0881532546267 -1.17979159177 103.762394533 end
-3.36133406622e-05 0.00654442890509 -0.284344948233 0.00660248501931 -1.29544250967 56.9212259677 -0.347708493727 69.2501106647 -3012.18539881 end
-3.090092958e-05 0.0109641503295 -0.950600314193 0.00482199281794 -1.71893580389 149.823062512 -0.141189391132 50.6982777022 -4353.1977936 end
7.94336999783e-08 -1.57896315706e-05 -0.000205928461121 -1.1080460862e-05 0.000476944135353 0.525706580445 0.000269472914612 0.0511100599639 57.1503570366 end
2.51155715292e-05 -0.000273052386879 0.00348194330116 -0.00739905730417 0.00482718905284 -0.190003537464 0.524608705469 6.23497492746 67.7908313559 end
-2.83380095724e-05 0.00257072363306 0.0768925094722 0.0115812998796 -1.30034736852 -4.40984451281 -1.12163973012 142.410309311 -1233.28734077 end
9.06867394572e-06 -0.00050448531801 -0.19210767956 -0.00481416337443 0.718840389994 22.1991284824 0.516675418907 -95.8016370036 1109.07465395 end
0.000121314561182 -0.0590324549316 7.12320285775 -0.0413095891492 20.1275555164 -2431.70026866 3.46062474454 -1688.14833883 204286.342708 end
9.70108415504e-05 -0.00586184315629 0.000722872080457 -0.0472108206044 2.89945706824 -2.0175517919 5.68527465915 -355.279607191 625.600729926 end
4.28229777402e-05 -0.00930723023037 0.485056571011 -0.0206071623245 4.47533879466 -233.259452979 2.49544986834 -543.555517009 28549.1435128 end
4.76210462981e-05 -0.0163788868741 1.35492930046 -0.0228993573096 7.89071386746 -654.517251242 2.7254244371 -940.570804897 78292.9333673 end
1.60292427427e-05 -0.0070416277856 0.772279435805 -0.00772560082817 3.37009891933 -366.945761416 0.919765650792 -397.816076903 43029.8214204 end
