2.74982985496e-05 -0.000365032903154 0.00128198276798 3.77746072187e-05 0.00061751385569 0.000424380118624 0.00328016886322 -0.0949483921544 99.6094616427 end
0.000290164478354 -0.0130497144441 0.136211189271 -0.00482253446538 0.206274568849 -1.92491774238 0.0298308446287 -1.43594119414 113.145608586 end
-0.000287267445565 0.0243255443833 -0.498082986348 0.00431077077236 -0.363826304478 7.38866918012 -0.0216436506031 1.73263642341 62.9837843496 end
-0.000204500624664 0.0252266169644 -0.7597050419 0.00542041227986 -0.650787620238 19.3145077506 -0.0460829452828 5.28980804463 -56.358379999 end
0.000171304128928 -0.0254956732779 0.938006329025 -0.000405595923698 0.0496777064264 -1.34014093622 0.00310351015838 -0.346705710755 101.914927987 end
0.000261915788609 -0.0483596915076 2.2203618372 -0.00454982456629 0.844165428522 -38.9121421722 0.00690764467178 -1.58846266525 180.289313617 end
0.000315023502769 -0.0617562128422 2.99883391587 -0.000448309201112 0.043576647505 0.621411747119 0.0052533985776 -1.16093100554 153.9569678 end
-0.0101884198602 2.61353574793 -166.85082847 0.12628899009 -32.1177185661 2035.43427591 -0.189605027399 48.0491696074 -2945.58452091 end
0.00435248057624 -1.23006472423 87.3508998934 -0.0512940348216 14.3444245801 -1005.06437499 -0.180172301668 52.5785234031 -3726.41093136 end
0.0108603263478 -3.53714157317 287.840455545 -0.126661226235 41.2298532205 -3352.91650763 0.221424520364 -72.2996931043 5983.43620957 end
0.000420724371273 -0.148781294766 13.1400255371 -0.00659813231506 2.32067482448 -203.714942754 0.00813520422242 -2.90120407014 342.904779334 end
0.000260668407759 -0.102786262315 10.1300888664 -0.0053942778255 2.12153740273 -208.420796456 0.0213613484917 -8.46701990457 921.426244072 end
0.000407571260414 -0.171879089261 18.1112563391 -0.00880673110013 3.72169710682 -392.832577283 0.0391331441801 -16.6443086337 1850.32502895 end
-1.01286642063e-05 0.0051059164348 -0.636981855732 -0.000323355703662 0.147239145604 -16.6167830877 -0.000991206142137 0.264174413338 71.5322145748 end
0.000200719418805 -0.0989420773246 12.2046409817 -0.00267940102053 1.32355204266 -163.519520147 0.0085524877243 -4.36332082355 634.73303336 end
7.62218912318e-05 -0.0391679056055 5.02370041113 -0.00132539984272 0.680651285174 -87.0828168546 0.0279804159358 -14.7241031555 2012.91476539 end
-0.00340947796286 1.8802379617 -259.193818589 0.0543437545938 -29.9820437952 4134.8546255 -0.107780524718 59.5714470403 -8153.52671951 end
-0.000260693653793 0.0057184539253 -0.00671206941483 0.0119476765023 -0.276207934104 0.588980214888 -0.125889759794 3.01502294537 91.6446186476 end
-0.000183370016702 0.00924343503887 -0.110773569123 0.00564664023767 -0.282684595003 3.47732546247 -0.0236992608675 1.05705420712 85.1696658752 end
0.000696064935709 -0.0568215519776 1.15269351944 -0.032760758857 2.66767037674 -53.930444172 0.363114506849 -29.437014833 689.706077813 end
-1.5124861877e-05 0.000797963028312 0.0292057517052 0.00312151503417 -0.329362838878 7.4289177203 -0.0588959561934 6.50688625102 -69.4896525987 end
-7.33697868158e-05 0.0109893868292 -0.407099002127 0.00336212132986 -0.50737684508 19.053385666 -0.0150905016442 2.31369812501 5.12678886924 end
0.000736852081683 -0.135146039071 6.16892465729 -0.035187075005 6.46219312691 -295.253402656 0.399304830395 -73.6374056093 3471.61225156 end
-0.00981476808676 2.11910598904 -114.200069683 0.563489417364 -121.586459488 6549.41957665 -6.97129824894 1504.61078863 -80980.5652944 end
-0.00198240864031 0.519731448433 -34.0755463468 0.115588905076 -30.2688715221 1981.18642554 -1.56869649233 409.162814945 -26495.8442397 end
0.00100139595071 -0.281191056223 19.7219958229 -0.0536144886417 15.076380941 -1059.62484502 0.742928450297 -209.614019404 14950.7186848 end
0.0165005324065 -5.28905305936 423.254697963 -1.05805074464 339.301539951 -27164.8104833 14.6284844417 -4701.81724822 377427.024895 end
-0.00157661491096 0.575185173932 -52.4537190364 0.051584102396 -18.8588336999 1723.66217489 -0.395142781976 144.808795909 -13183.3973802 end
0.000145597735054 -0.0547991272281 5.14424389543 -0.00702349441925 2.63435853627 -246.268103451 0.0758889549027 -28.3887618416 2729.95322096 end
3.0662660399e-05 -0.0114374916887 1.04499156358 -0.000195517887155 0.0174792723433 5.22620886201 -0.0224410354317 10.0465662286 -1039.60722665 end
0.000359142493178 -0.163563404716 18.6228511728 -0.0153663077242 6.98993007502 -794.812829978 0.15143082723 -68.8847956602 7914.12154913 end
8.82456140069e-05 -0.0453167268648 5.81160346324 -0.00520322211591 2.66384029885 -340.518326876 0.0620794023252 -31.9666814687 4188.25190276 end
7.16120385744e-05 -0.0380346920009 5.04708574706 -0.0048246561544 2.55154157806 -337.012202167 0.0744514387329 -39.3535250582 5273.88427963 end
-0.00082784850879 0.4562441996 -62.8468472115 0.0285390177771 -15.7254014058 2165.65886268 -0.175503274207 96.6364771124 -13219.121781 end
0.000644942674354 -0.00964405092046 0.0015863836633 -0.0548141724747 0.829917746517 0.254486861132 1.13518173778 -17.5005711705 94.452576046 end
0.00018534061661 -0.0103983003228 0.147191341648 -0.0130727322344 0.743412863239 -10.4307420505 0.208203288395 -12.3317885666 277.150719512 end
6.49717461694e-05 -0.00508960941323 0.0870693224362 -0.00459130873017 0.340747449296 -4.98722575372 0.0859078796375 -5.99128098786 171.635196839 end
0.00024488116564 -0.0290379590002 0.847175988058 -0.0212273545153 2.51482593651 -73.0734421129 0.455530121986 -54.0885946097 1670.70911414 end
8.80720195279e-05 -0.0138738699965 0.55085829706 -0.00687632894603 1.08817004768 -43.181818929 0.139816631891 -22.3084283581 984.649295436 end
-0.000209776981615 0.0373590537814 -1.65580754097 0.0347140981139 -6.2275399548 278.574840501 -0.979127899684 175.87821298 -7785.5149179 end
0.00358840034678 -0.827042194652 47.1885018179 -0.414600355475 93.6629116261 -5256.82600007 11.3424112211 -2528.51181815 140406.68412 end
-0.000199725218482 -0.0420242744468 8.37880623735 0.039287255594 -1.9279090078 -380.813050009 -1.08162553691 103.542917911 4404.76287675 end
0.00470912202198 -1.32564096481 92.3739902846 -0.327378363549 91.3625003607 -6303.93584007 5.62319474862 -1553.56651587 106105.087924 end
0.00510433320206 -1.57961404395 121.363020417 -0.28613918011 87.2856457085 -6593.08957996 1.50840972465 -405.323655901 25660.4375185 end
-0.00178927257746 0.620880567935 -53.6848643712 0.178934153567 -62.2310549458 5394.38101162 -4.57701642784 1601.16770416 -139607.377196 end
0.000146206711801 -0.0583472879556 5.80618804161 -0.0131413153872 5.23155522943 -519.289530517 0.286890509336 -114.088438447 11398.1865146 end
-0.000321589943386 0.136935862841 -14.56068554 0.0270263573859 -11.5142641418 1225.13175721 -0.550588566174 234.652500554 -24892.2805923 end
0.000357968049007 -0.163654672757 18.7054977605 -0.0305947999182 13.9861742797 -1598.29263965 0.659898578851 -301.732892758 34569.4273694 end
4.08022812095e-05 -0.0203403418879 2.52745312315 -0.00444038691585 2.21013024457 -274.202256469 0.113784620702 -56.6675393832 7118.80140612 end
0.000136376102218 -0.0708244570663 9.18494530647 -0.0142598145642 7.42672612118 -965.884167185 0.349335263696 -182.314521785 23842.6567506 end
-0.0011161127894 0.617776057113 -85.4864605445 0.0923503041568 -51.132413694 7077.98274579 -1.91566858028 1060.79041183 -146778.574324 end
3.09170062779e-06 0.00112165357632 0.0102562765659 -0.000297157451815 -0.14934507969 -1.04019458595 0.000883339896808 4.89193802957 136.402955615 end
0.000179903510441 -0.0108567953334 0.143105687654 -0.0222991693602 1.33813782809 -17.4640338657 0.670489525642 -40.3530670337 633.529399178 end
0.000324351034165 -0.0256003773359 0.499404070418 -0.0390123407448 3.08317203227 -60.0033532248 1.1607115844 -92.0344772406 1896.10768288 end
-0.000116712151083 0.0148564831625 -0.455755437886 0.0155065771559 -1.96537040215 60.353901287 -0.506510087986 63.9136258188 -1860.68566467 end
-0.000560782588378 0.0840254840469 -3.12939880626 0.0659636667599 -9.86728450008 367.011790219 -1.92402933205 287.323815471 -10572.0190772 end
0.00312126300086 -0.573113648854 26.2334538808 -0.389344894156 71.4661607364 -3270.11826693 12.0528498201 -2211.34972233 101239.493725 end
-0.00486891012508 0.983898341928 -49.6060608283 0.449323112809 -88.3592643042 4321.36924842 -9.87666038069 1864.89960042 -86770.8023122 end
-0.0257299389034 6.40346674558 -398.813700878 2.88039609562 -715.371405721 44467.3727318 -80.47074169 19942.60723 -1236923.32303 end
-0.040333158602 11.6365289808 -839.0600254 4.63798808684 -1339.17817824 96646.283306 -132.131579682 38183.4887136 -2757983.82339 end
-0.00760124623671 2.52041915784 -209.015040854 0.89246330007 -295.952739517 24546.2721532 -25.7674296551 8539.67991886 -707842.901027 end
-0.0054262479544 1.95107823566 -175.311927791 0.691806867897 -248.651241998 22332.7253863 -21.5540117321 7748.94493088 -696057.256687 end
-0.000267395082869 0.107070566292 -10.7181215845 0.0301896202366 -12.104865567 1213.52689343 -0.825179338329 331.442850908 -33200.9524423 end
-0.000181280683544 0.0759641758169 -7.95356197953 0.0222882291923 -9.35103711197 980.399424475 -0.677021455792 284.249091971 -29738.5510285 end
-0.000143421749854 0.0665499990918 -7.71675425087 0.0178654387299 -8.28654664388 960.585116235 -0.549660213951 254.860299107 -29448.7949723 end
0.000710911146045 -0.349363876648 42.8934719079 -0.084401787822 41.4721384452 -5091.02560961 2.48674751621 -1221.79337204 150055.411627 end
6.60439224709e-05 -0.03366700165 4.28361990308 -0.00666179723301 3.36849629705 -424.817814852 0.163656410411 -81.8311152004 10278.0291259 end
0.000104025394389 -0.0645346099877 9.87417167064 -0.00304028339536 2.54277599544 -468.57774731 -0.195381860266 81.6903102663 -7628.33703054 end
-0.000136571904989 0.00200208343173 0.00622294562867 0.0222243972061 -0.340962208143 -0.804320194329 -0.89138260204 14.0858737857 137.205528265 end
-0.000138254249423 0.00774802671223 -0.114437735309 0.019999725924 -1.1128729341 16.5373561384 -0.723719772235 39.9196854414 -485.930848515 end
0.000441925235019 -0.0376807580233 0.769520812974 -0.0671492656473 5.73163959033 -116.942935885 2.500006038 -213.791643723 4468.1680682 end
0.000427589790067 -0.0497378620135 1.43196925167 -0.0648577154352 7.54183220031 -216.807462819 2.44821707981 -284.736368021 8282.58880239 end
-0.000107577604793 0.0150397023869 -0.519658949627 0.0159760764906 -2.25039553852 78.5164230519 -0.578508130895 81.9141411904 -2775.40525164 end
-0.00212223130417 0.388339734831 -17.7293187703 0.331348448851 -60.6410721698 2768.88565963 -12.9013814631 2361.46498661 -107737.229547 end
-0.0116482842092 2.47910294386 -131.686935671 1.94356699885 -414.737454072 22090.4309669 -79.7002356838 17053.6618265 -910781.909514 end
-0.0533189856176 13.6261084386 -868.37934927 8.23210283514 -2104.56534646 134177.764672 -316.778789961 81005.3737291 -5165913.21349 end
-0.00970739822636 2.72094198264 -189.857327852 1.62927582696 -457.050465648 31929.2086998 -67.4502447905 18938.6482663 -1324570.47007 end
-0.0172514712762 5.62975177885 -459.116761922 2.71181966978 -884.390329183 72075.2285037 -104.228685853 33967.2657683 -2766139.04884 end
-0.00188887687698 0.64577350435 -54.9352735254 0.22257568932 -75.2429645182 6318.94970835 -6.18255971941 2056.82686653 -169422.08365 end
-0.000406737247848 0.162709998531 -16.2535438127 0.062275536004 -24.9054116611 2487.28759527 -2.36104834513 943.939063256 -94153.4656562 end
-0.000191994701245 0.0797537011018 -8.27858321973 0.0281564011309 -11.6796629721 1210.62480155 -1.01649817264 420.844095435 -43444.5382895 end
-0.000467124605618 0.213962469343 -24.4907070413 0.0679511797548 -31.1356486181 3565.25012114 -2.45756992763 1126.44632804 -128943.592394 end
0.000134073317282 -0.0653708511304 7.95475586585 -0.0200839502815 9.80070357448 -1193.52225087 0.753982909615 -368.314324607 44984.0773316 end
-8.82335075447e-05 0.0480127911244 -6.53290715217 0.0116953688404 -6.40200305621 876.250396956 -0.380409665638 209.691769273 -28812.177588 end
0.00158344786779 -0.874967482652 120.864412655 -0.23828426669 131.698760208 -18196.2740488 8.87413900534 -4905.96582431 678091.607611 end
-5.1889834489e-05 -0.000137929302646 -0.00266202519006 0.0102870175384 0.0204607707154 0.714328598831 -0.50967978418 -0.831014068787 71.9100864862 end
-7.9581521422e-05 0.00206559773311 -0.00306479158188 0.015724116071 -0.452357650575 1.77149207496 -0.792536858881 25.1501967158 -37.8391502943 end
0.000222145709413 -0.0164839688079 0.308409458096 -0.0402589691263 2.9724795818 -55.310005207 1.82076078109 -133.841155666 2587.98319791 end
0.000373829719021 -0.0429816241654 1.23442220654 -0.0710958435107 8.17513016244 -234.724714789 3.37245039108 -387.962298972 11248.2487514 end
0.000325007992967 -0.0518151111505 2.04300705477 -0.0598542838248 9.54958117276 -376.622904391 2.75059828187 -439.339408587 17442.7000772 end
0.000350485916852 -0.0632734096871 2.84042853499 -0.0679509530009 12.2749016703 -551.221683995 3.26895215557 -590.858785371 26645.5069478 end
0.00132785758273 -0.255731473519 12.0903242791 -0.248251428228 47.047318248 -2180.31261634 13.016016866 -2471.62050903 115048.255922 end
-0.00465545505754 1.17459208341 -74.0212149897 0.777400379094 -195.784662185 12316.6889286 -33.0905687386 8303.59060314 -520345.540357 end
0.0152993870569 -4.45878004334 323.981635963 -3.08659693417 897.743446468 -65110.2321063 152.722562332 -44340.9911407 3210678.36428 end
0.0138626569687 -4.49170698276 363.485811481 -2.61637608729 848.174301119 -68671.9076045 123.578976343 -40080.0218741 3246567.22595 end
-0.000109453404549 0.0430462170913 -4.21117938542 0.0631443102463 -23.4727739555 2180.44694309 -5.24155477581 1924.25773286 -176474.090308 end
0.000639415841356 -0.248680068936 24.1622205036 -0.119714908066 46.5700479805 -4525.83630706 5.58863707957 -2174.59767018 211482.178802 end
0.000467420987782 -0.202257142696 21.8463694359 -0.088115587005 38.1104713231 -4114.40918546 4.13808333265 -1789.00536125 193149.843159 end
0.000411992444954 -0.186087296991 20.986969863 -0.0778576596709 35.172983443 -3967.55683461 3.65548667852 -1651.71153716 186440.643085 end
0.000102841075507 -0.0500061650463 6.06861264665 -0.0223895261426 10.9046218096 -1325.62401054 1.18272747828 -576.805093602 70306.5215155 end
-0.000130771869363 0.0682856184159 -8.91331350309 0.0236648834155 -12.3421318565 1609.0442262 -1.0711721829 557.885832697 -72541.9827514 end
-7.85145685507e-05 0.0375892073863 -4.39718700104 0.00414549892557 -1.22885504795 24.2060729116 0.222247546518 -171.393344425 30415.8043701 end
7.94002008134e-05 -0.00184745187591 0.0242739308872 -0.0155814322608 0.365386406369 -5.08386028767 0.746544140015 -17.9037383324 382.186705597 end
-9.22665074467e-05 0.00373779891928 -0.0337612581276 0.0210811517522 -0.845684594079 7.58688698406 -1.22356053551 48.6938238479 -320.941272046 end
0.000177020385255 -0.0134800670712 0.266321601854 -0.0370167536875 2.79979861239 -54.9943936434 1.9331752231 -145.297487044 2948.60318512 end
0.000237369716462 -0.0312902985695 1.00611858594 -0.0524521415228 6.9003354211 -221.461257303 2.88673475828 -379.180102259 12259.9578771 end
0.000292021965099 -0.0458345959585 1.78805530333 -0.0641869641141 10.0924706268 -394.299378138 3.51796704768 -554.120473026 21788.0533132 end
-0.0006515508632 0.117780254127 -5.3243956105 0.141531928466 -25.5760584021 1155.95026684 -7.67333606151 1386.01507563 -62515.5965645 end
0.00451136631839 -1.05683902049 60.9261235791 -1.0966883759 256.012787422 -14721.1942075 66.1906830179 -15400.9444901 883531.696404 end
-0.0171395874563 4.42236381966 -284.483455294 3.78970969918 -978.051580332 62931.640089 -209.129682009 53974.3954253 -3472980.24613 end
-0.0261963530765 7.45704395435 -529.536560662 5.8740172999 -1671.59581582 118665.763864 -328.675217919 93510.6780645 -6636561.74332 end
-0.0386895155727 12.5203229986 -1012.01208015 8.34423010787 -2701.29967336 218434.816472 -448.193114487 145147.977452 -11741703.8163 end
0.00290739421042 -1.04765046398 94.3400204651 -0.636948396707 229.514033893 -20667.0511604 34.9326236868 -12587.4351911 1133552.77502 end
0.0002949777866 -0.115272932645 11.2648873006 -0.063882637062 24.9636415036 -2439.48923075 3.44841928033 -1347.57870363 131786.384534 end
0.000286664948599 -0.124132039243 13.4112275403 -0.0617861498523 26.7764401486 -2895.01118424 3.30995543129 -1435.75273262 155450.434661 end
0.000160567664225 -0.0707674812968 7.80546589483 -0.035949405898 15.8667162184 -1752.40297821 2.00936596633 -888.253383013 98342.7652715 end
0.000390346880718 -0.195575138542 24.4865311829 -0.0839062834492 42.0472433526 -5265.2378274 4.47355668419 -2242.51074416 280983.508251 end
6.05702094428e-05 -0.0291736830058 3.48705448985 -0.0122245887626 5.83694861493 -690.349286307 0.613371863315 -290.071256392 33991.7502833 end
-0.0016411583118 0.897665585425 -122.731056342 0.364153960441 -199.167848429 27228.9259063 -20.1556855847 11023.0945617 -1506822.57375 end
0.000604996541603 -0.00673024830647 0.0026278345661 -0.154451669134 1.72900231132 -0.453289229535 9.82757783804 -110.873029952 136.322469328 end
-9.71616190882e-05 0.000941320264417 0.0681398449103 0.0264818611337 -0.351354738013 -15.3280663708 -1.78894900652 29.033809026 968.774459435 end
0.00163710862239 -0.143342748131 3.03746469563 -0.409174937544 35.8628624657 -760.129671533 25.5402223738 -2240.79868027 47621.2652901 end
-0.00693318776018 0.774404960626 -21.0445975762 1.74817858644 -194.976991807 5293.20052122 -110.068512108 12259.4114154 -332395.812603 end
-0.00468780547481 0.75715340691 -30.0023333785 1.23268548906 -198.786973526 7872.4937164 -80.5053679695 12964.4524605 -513047.361064 end
-0.00430106338073 0.70192107337 -27.6654771948 1.06190498921 -172.515147612 6762.19977588 -65.4625032939 10585.9483848 -412503.906692 end
-0.0153741974643 3.38804782875 -186.219845896 3.76364040978 -830.243162317 45683.9967738 -230.364010301 50873.0883889 -2802493.7393 end
0.00698816483482 -1.72760671537 106.634085309 -1.82136435287 450.426719965 -27811.8689195 117.828395633 -29150.930289 1800822.86921 end
0.00945832315397 -2.73373818233 197.645698671 -2.38126902924 688.376753426 -49778.5524546 149.626796952 -43256.9330613 3128413.64502 end
-0.0141809054186 4.49639206753 -355.648547537 3.72055139593 -1180.86762255 93500.3990226 -243.629951742 77393.2409922 -6133421.77722 end
0.00661254218083 -2.36520052076 211.204155926 -1.76070112418 629.975933212 -56272.2165086 116.303368457 -41625.1948451 3719302.52059 end
0.00269766864913 -1.03649709338 99.0117829335 -0.690735367086 265.147458278 -25304.6859437 44.1093704234 -16918.0297429 1613361.15126 end
-0.00657723729111 2.81883519792 -301.895079396 1.62960863537 -698.420947416 74801.6529054 -100.867731598 43230.9002725 -4630066.35137 end
1.29852168607e-05 -0.00569535475025 0.622792313857 -0.00398814636209 1.77111323036 -196.232865761 0.28735037699 -128.639935014 14466.2468301 end
0.000170893892348 -0.0832301372017 10.1267093649 -0.0444339936786 21.6675543734 -2639.49428899 2.8686301073 -1400.54192008 170905.372962 end
-0.000139970589329 0.0730234209662 -9.51363376006 0.0365525157234 -19.0673395709 2484.19363389 -2.36758127832 1234.80277336 -160775.802634 end
0.00213020781626 -1.17594056432 162.28213475 -0.541934653416 299.115298256 -41271.5964641 34.4171564771 -18993.1039544 2620306.14703 end
-0.000367844364712 0.00601165478884 -0.0176579298282 0.109025350576 -1.77690869948 5.25545128284 -8.05544637247 130.847894775 -266.154519274 end
-0.0166698648395 0.761793092534 -8.42118683301 4.71988167367 -215.658991186 2383.92961554 -333.821842517 15250.3788584 -168454.222285 end
0.0249593081753 -2.07713639697 41.2725682794 -7.24086353142 602.868773315 -11992.0811068 524.257476875 -43664.63938 869527.237747 end
0.00592074023419 -0.689282878792 19.5891283382 -1.69066937615 196.50519241 -5581.35703783 120.565953309 -13993.0637882 397435.875409 end
0.00466064598453 -0.810392279251 34.1342810458 -1.37492056254 238.818725446 -10058.3836565 101.201793872 -17559.2529512 739556.375227 end
-0.0170142894019 3.3416802153 -163.174404845 4.80859178324 -945.483183876 46215.7550612 -339.712638728 66868.4535581 -3271689.95766 end
0.00461988965125 -0.96879086094 50.9322941021 -1.33064132988 279.420739981 -14713.2598736 95.5337018249 -20093.5835189 1060148.35075 end
-0.00812078674147 2.01976238848 -125.255032864 2.34458760857 -582.982802836 36141.9182996 -168.954302133 42000.297443 -2602893.31053 end
0.0125609580394 -3.56511465914 252.029790173 -3.64883461799 1036.03131217 -73268.1507804 265.193418086 -75325.8091775 5329158.89705 end
0.012099206444 -3.90169310246 314.012507524 -3.61292646619 1165.37100439 -93810.8563102 268.726373477 -86707.1832295 6982017.03088 end
0.00688650424695 -2.60795533908 246.150342504 -1.96921427251 746.103011463 -70447.1295255 140.111961828 -53114.469715 5017435.70793 end
0.0101243163136 -3.96866406928 387.734503026 -2.91868270594 1144.3735653 -111824.003087 209.938313592 -82335.0559645 8047289.04961 end
-0.00262549862227 1.22203582555 -141.049553618 0.817842603326 -378.330640841 43447.0180171 -62.3382346883 28713.7993044 -3285652.82187 end
0.0154587290684 -7.0835396909 810.890226434 -4.4024177408 2017.37924203 -230950.995251 313.17122388 -143515.41175 16430643.3128 end
-0.000108202422498 0.0531069771333 -6.52868277779 0.0295737645943 -14.5200093247 1785.92404574 -2.01704447134 990.747382044 -121838.833948 end
-3.70680242707e-06 0.00250464117117 -0.393585433681 0.000105114840583 -0.214850718166 46.8153146017 0.0611867643953 -20.7430911386 1486.21597302 end
-9.28715134526e-05 0.0522004029182 -7.33063971527 0.0171097189093 -9.71695273557 1378.11460995 -0.525628545484 309.976879241 -45402.5982905 end
-0.000205098519601 0.00377257396483 -0.00485473907805 0.0671416940942 -1.22777276023 1.65653275479 -5.48513215605 99.6519507085 -15.2947091678 end
-0.0146245416723 0.71925983424 -8.34523153386 4.82840489469 -236.73724778 2741.11754843 -398.136208147 19461.3080499 -224752.378481 end
0.0131431770427 -1.04315557631 19.1803761709 -4.22817456223 334.914583742 -6138.02557777 339.178895877 -26815.5525666 489964.599864 end
0.0105571300664 -1.29648856061 39.4994412301 -3.37138914128 414.344632216 -12632.4527309 269.188379442 -33105.308852 1009969.26546 end
-0.000947424040531 0.150268887151 -6.07481704762 0.350096111575 -55.3058666592 2220.30642152 -31.7905217526 5006.19273889 -199797.792537 end
0.00357727632561 -0.534166995821 19.0064762257 -1.18107358932 176.935033599 -6332.66879801 97.7483438201 -14702.8207868 529964.025993 end
-0.00376530662707 0.840658451309 -46.9196488347 1.11717996082 -249.207598115 13897.8227744 -82.4259498693 18368.3878352 -1023286.0301 end
-0.00239596536728 0.611148324447 -38.8960904638 0.767314522963 -195.831862158 12470.2872938 -61.3135359062 15657.937933 -997513.11591 end
0.00819835248211 -2.32269089084 163.77798447 -2.67830811584 759.227173096 -53566.640265 218.182048947 -61877.1596529 4367987.33091 end
-0.00269081881124 0.759788299505 -52.4734147376 0.768370191501 -212.867659983 14322.5874975 -53.5957447389 14465.4630345 -937007.525142 end
0.0137037709472 -4.779753962 416.715618206 -4.55874288921 1590.94799967 -138786.403807 377.055125653 -131654.114595 11491131.5151 end
0.0257935094679 -10.0531548252 979.357061998 -8.34608356233 3253.25618682 -316962.669755 673.936300539 -262717.518248 25599061.6528 end
0.00309034228102 -1.3877427477 155.903093577 -0.987845727114 443.945227559 -49914.8112062 80.4530857665 -36145.0426546 4063103.01775 end
0.0155966330328 -7.03520150593 792.815875451 -5.18464641488 2340.20083488 -263896.20347 429.833102859 -194138.493944 21906261.2444 end
-0.000343056694623 0.173929676052 -22.0552073403 0.0954366980659 -48.5243128645 6171.01205515 -6.53744235189 3336.03784753 -425723.607883 end
-0.000237916355881 0.126034303718 -16.6706628003 0.0781907928 -41.4228853453 5479.39880798 -6.41548462396 3398.75166064 -449501.889247 end
0.00223386585574 -1.23128032011 169.66482734 -0.726383980744 400.370029317 -55168.4889786 59.0097763307 -32524.7909944 4481752.01353 end
0.00324682226457 -0.0286179201117 0.214113302037 -1.13287783186 9.99819380877 -74.8925988448 98.7545542327 -872.701328092 6672.58667019 end
0.0177553247137 -0.870012934944 9.82710600255 -6.33560623466 309.610004035 -3489.12905117 564.667298345 -27523.7959493 309631.333543 end
-0.00625606715838 0.396954580459 -5.08457264315 2.1117207845 -130.873882251 1579.6657149 -177.293849188 10691.3151556 -119543.477009 end
-0.00244036157171 0.394105081209 -14.727831519 0.860811406617 -139.390853103 5216.68924856 -75.0448161513 12217.9538084 -458582.49818 end
-0.0103321864711 1.54521063648 -57.1974585039 3.62928142259 -542.460963741 20066.332006 -318.141923488 47525.4401727 -1756793.39381 end
-0.0156668039897 2.91527974155 -134.788732974 5.42252032064 -1009.53656616 46703.1190513 -469.080726566 87374.897352 -4044385.02422 end
-0.0121165816047 2.61734003024 -140.89718722 4.38130152463 -947.454760374 51055.8951326 -395.899044322 85708.4815702 -4623373.026 end
-0.00289724501889 0.672000495413 -39.702123067 1.01838135848 -235.503114489 13863.4391107 -89.3806995252 20610.1731802 -1208892.29749 end
0.00503665243111 -1.38391869776 93.4005926476 -1.75439429669 481.478429387 -32446.8336786 152.274562556 -41731.7175602 2807547.71213 end
0.0148839073272 -4.86400981454 396.200626632 -5.31868303468 1737.91460933 -141549.806144 475.006556754 -155188.225127 12638491.7491 end
-0.00964856816387 3.55166792423 -326.163701348 3.48691569622 -1282.27536332 117647.89404 -315.226098757 115795.45083 -10613218.5423 end
0.000171208379513 -0.0899310403151 11.6616872556 -0.056116702281 29.5099494956 -3846.87951735 5.56001784266 -2791.28097277 353059.098905 end
0.0089009995269 -3.69460934095 383.060321847 -3.1757158668 1318.33256622 -136702.775176 284.152240594 -117983.481765 12236695.4101 end
-0.00948924883284 4.1969490054 -463.185835292 3.49105379668 -1546.55289874 170968.69663 -320.080920092 142011.583092 -15723436.248 end
0.0169957139182 -8.11523204795 966.51846777 -6.16015212973 2944.17065013 -351007.224996 557.585386381 -266737.563648 31832640.9674 end
-0.00308211051839 1.60863978886 -209.807655632 1.07884028189 -563.101517894 73447.2548748 -94.3616032666 49253.8130468 -6424571.75326 end
0.00120090997685 -0.671532921166 93.9598620617 -0.297953028655 167.408395608 -23542.3712822 15.527572318 -8821.25886061 1254996.73459 end
0.0206398200887 -0.276922345837 0.188068559642 -8.01176303644 106.205855648 -65.4971104163 776.75675556 -10175.3917613 5787.48699824 end
0.00618631830795 -0.446032563841 7.45492206202 -2.53827741648 180.900564929 -2997.63661033 259.949967355 -18320.9905603 301140.281336 end
-0.0242292524747 2.00955047855 -41.0571578146 9.52167040716 -789.579856412 16129.1088524 -934.687530765 77496.2553318 -1582694.61551 end
-0.0142999080121 1.63266317299 -46.807079941 5.55334942951 -633.716563259 18161.2921754 -538.473227596 61413.8556351 -1759195.58882 end
-0.00750238858445 1.30193027371 -55.766939843 2.85050380821 -496.612342665 21343.741453 -271.469839416 47458.7463678 -2045626.63034 end
0.00780351886206 -1.50835550179 72.4011213887 -2.99307406476 578.796696918 -27791.5499809 284.729150894 -55102.1713109 2647521.07607 end
0.000335239510063 -0.0435058493426 0.467432650684 -0.107232863818 11.7690157238 105.25870537 8.23337265924 -659.824163232 -36983.2506629 end
-0.0103997376347 2.56805329117 -158.096414364 4.07745875863 -1007.1368492 62016.8883969 -398.898731898 98556.1028695 -6070292.77244 end
0.0050486608173 -1.46207545077 104.813577847 -1.9866259115 575.956775429 -41337.6786505 195.045423778 -56606.7101261 4067430.84096 end
-0.00766845614706 2.46898176621 -199.313043061 2.97057390731 -956.243203033 77184.4765698 -287.752262501 92612.4691219 -7474232.26739 end
0.0188274687075 -6.50539071612 560.212287126 -7.39823315946 2556.7150176 -220210.872933 725.982538802 -250930.226009 21616710.8086 end
0.0105712362722 -4.14879477199 406.996622142 -4.15317337423 1630.89097486 -160080.093575 408.318420007 -160434.661235 15756562.3745 end
-0.000373688553502 0.0489164746036 6.40392783473 0.100220055691 0.125825240387 -4517.85418541 -4.9189634569 -2054.09953864 654853.75367 end
-0.00157299569204 0.701750150915 -78.1496545066 0.573645038027 -255.504595009 28409.2083108 -52.2953483147 23248.701554 -2580112.63087 end
-0.019645415718 9.71878486583 -1200.49156276 7.61939693977 -3770.948507 465980.02078 -737.86947743 365341.024924 -45164071.4014 end
0.0242041528765 -12.7447874283 1676.1749996 -9.45320773469 4979.09532814 -655043.723168 921.885930775 -485712.493358 63919788.0065 end
-0.000943667712599 0.686004778798 -117.077230808 0.0540927916853 -94.053680197 21701.095629 26.5810211671 -8431.83416058 314955.934725 end
-0.0214047482876 0.382015773118 -1.18339601323 9.09674608425 -161.798365185 501.544427866 -965.887363088 17117.9592721 -52903.6318428 end
-0.0163829145466 0.877771748996 -11.5335254974 6.93653136381 -371.811734765 4893.39280827 -733.835486432 39350.7219484 -518563.812 end
-0.00163756835005 0.0647621630491 0.389744729104 0.745680834946 -32.327619364 -49.8699972618 -84.238201617 3922.69005431 -6413.62347213 end
-0.00355613744028 0.444978639043 -13.9042575412 1.52228089162 -190.419572584 5947.89484408 -162.66464819 20341.1936616 -635035.543084 end
0.00463343891141 -0.720700234727 27.8502535163 -1.89376213137 295.300173601 -11438.4906484 191.846520248 -29999.6880527 1165307.35443 end
0.00704548885916 -1.37562052611 66.9240144874 -3.00617129262 586.939246017 -28553.8075356 318.464453781 -62196.3754527 3026703.56949 end
0.000871836410025 -0.188646679589 10.1683339333 -0.375350166825 81.303441696 -4387.23407053 40.4085453912 -8763.77076279 473584.994792 end
0.0255678317628 -6.51172528638 413.91226516 -10.8988591818 2775.19120891 -176365.183533 1160.74413735 -295497.814566 18774980.0455 end
0.00473200961183 -1.39944116564 103.333314318 -2.04339036149 603.934415311 -44565.9830032 220.310707449 -65073.6398882 4799077.4883 end
0.00120997753754 -0.319866394252 20.5782935723 -0.533283160543 141.78116222 -9193.84696755 58.6894178375 -15687.3457189 1024884.5603 end
0.0267780521063 -9.61872483474 863.263108522 -11.339641846 4073.8031649 -365674.342451 1199.86527148 -431116.823937 38704310.8758 end
-0.000167611532529 0.105963939384 -14.4675627459 0.0372494328938 -31.5826430218 4817.83317638 0.536902982669 1578.8043857 -336230.847474 end
0.000234447506187 -0.0955144488886 9.70302048207 -0.101764291062 41.4898006914 -4218.29378451 11.0433912026 -4506.00329607 458627.886831 end
-0.0154169690116 7.01672490862 -797.942106477 6.57800325064 -2994.10081507 340516.843376 -701.307971908 319241.855071 -36310131.6427 end
-0.00689571746099 3.51532956837 -447.419562541 2.88321679874 -1470.19168138 187171.288288 -301.168980874 153607.76652 -19560927.6688 end
0.016309471147 -8.65646557254 1147.41411118 -6.97482178451 3701.07711125 -490458.154045 744.924014381 -395181.140155 52355274.5222 end
0.000857216636158 -0.221235596673 -4.26034579689 -0.228625699917 19.0652558449 12153.3188948 9.49645717851 6133.88651383 -2415097.99427 end
-0.00500706530559 0.146259716397 -1.01248706253 2.37401709862 -68.2813714506 468.637125198 -281.240247801 7967.96484523 -53985.9904809 end
0.00930297158781 -0.416497919283 4.42228059516 -4.25682940841 190.441929127 -2017.37694844 486.835112849 -21766.2318421 230269.288168 end
-0.00807964750285 0.64785745401 -12.9468169256 3.76882428267 -302.24684392 6041.30686161 -439.270641241 35232.9026631 -704175.463961 end
-0.00320002289413 0.405039702392 -12.6815040692 1.49235235397 -188.961224367 5919.7150963 -173.484662654 21975.7356081 -688751.058515 end
-0.00889355727439 1.28980972873 -46.6610229786 4.07820991242 -591.472323515 21397.2229836 -468.154772555 67910.5326736 -2456947.0269 end
-0.0103067830579 1.86469032414 -83.9344414017 4.82006101867 -872.964725366 39340.2732052 -563.800072811 102214.274112 -4611304.52364 end
-0.00608065513132 1.28760820766 -68.2018396252 2.77514581737 -587.855782126 31150.6842137 -316.297775575 67021.4951961 -3552777.64542 end
-0.0117167545584 2.97097417398 -188.113657454 5.28649361603 -1339.86240863 84795.3705743 -594.919729637 150712.566898 -9533377.03743 end
0.00131420028753 -0.354494574761 23.8252610487 -0.63089895722 170.457679633 -11477.6558132 75.1121799127 -20319.0905683 1370214.47323 end
-0.0101520484295 3.28665444118 -265.479186774 4.70907110023 -1524.32271568 123109.772665 -545.643613352 176601.870818 -14261016.387 end
-0.0015053429877 0.500519392911 -41.3807017892 0.756711568135 -253.130162351 21073.8107074 -93.8932298984 31559.4631794 -2641681.44472 end
0.000848123117651 -0.395594523154 45.1361193582 -0.377520042029 176.152978969 -20103.4506818 42.6423499888 -19856.8729821 2262775.68035 end
-2.38805542829e-05 0.0130594562177 -1.6863741095 0.00755106220343 -4.53541247401 618.15753914 -0.477984348643 353.961744923 -53016.9287399 end
-0.000156389802575 0.0698044694818 -7.77659004989 0.0701610832854 -31.3027447863 3485.73750191 -7.86104707288 3505.86431265 -390140.596975 end
0.000954885404358 -0.449729405628 52.9024176578 -0.48639690109 229.855678848 -27134.5037478 61.5290967844 -29159.8134978 3452723.69391 end
0.000245420907259 -0.0554320020635 -2.39219164791 -0.128628830203 34.3173172392 -135.449427556 16.6573582352 -4996.49024363 163415.657899 end
-0.0313167534921 17.2215635076 -2366.99789449 14.114811429 -7761.37039636 1066669.33537 -1590.00417901 874233.290259 -120138657.56 end
0.0127585922444 -0.310553680017 1.71551669949 -6.3280662828 154.176599005 -853.700365392 783.948200787 -19115.5305101 106291.444928 end
-0.000740449770747 0.0249789702342 -0.541260461956 0.427568048474 -15.0068107487 290.050874418 -60.366019802 2180.9806799 -38401.284114 end
-0.00139815907293 0.166081488758 -4.45901950864 0.626007596865 -76.3413824976 2081.11476871 -69.5602104571 8740.55947325 -242063.86302 end
-0.00778413076008 0.846162045273 -23.0997847386 3.80266514413 -413.305582584 11280.2999792 -464.555709114 50485.5272642 -1377393.4068 end
-0.0181017522442 2.62156502674 -94.8429325354 8.9526258864 -1297.2028313 46953.4425382 -1106.47996287 160406.718954 -5808849.67972 end
-0.00799099625802 1.51312499188 -71.6423761087 3.99038966001 -755.408874364 35753.9084827 -497.984332248 94242.7641084 -4458567.77481 end
-0.00700331681583 1.54098838644 -84.1956473908 3.39627747167 -747.002186726 40796.8015564 -411.733899233 90517.1657332 -4940995.96122 end
-8.12409258468e-07 0.00662231784547 -0.896059578908 0.00882394066447 -5.68586132604 613.897264675 -1.86411203355 936.230273596 -93062.5385226 end
-0.00160055189684 0.457878053599 -32.8424612195 0.819726981812 -234.229480452 16778.355504 -104.871699421 29935.2789067 -2141687.71488 end
0.00364217249844 -1.15633800327 91.7838667689 -1.80575503912 572.929501582 -45443.0909039 223.745576673 -70943.541678 5623033.19674 end
-0.00796177122972 2.84351672632 -253.576997725 3.95539870037 -1412.01563082 125866.37287 -490.117316101 174892.688992 -15583787.8545 end
-0.00584026361281 2.29785315449 -225.878076334 2.9499934985 -1160.14147924 113987.433063 -370.390996634 145595.3936 -14298206.3566 end
0.000454858967941 -0.193217441992 20.5013676755 -0.225475576903 95.7702877862 -10160.7684359 27.8974056159 -11848.4983363 1257069.37934 end
-1.03200213648e-05 0.00233387523576 -0.000665417342322 0.00513705187104 -1.18844494403 6.23543426072 -0.64584596464 154.433447925 -1803.4410013 end
-0.000718574534674 0.354423720816 -43.6809599589 0.352848698117 -174.030077652 21447.3984005 -43.2954699738 21353.1769516 -2631337.4515 end
-1.06159381095e-05 -0.0067801067324 2.46965995663 0.0120191988545 -0.144399171075 -769.703614072 -2.330994375 454.425852244 38885.6527897 end
-6.83230575421e-05 0.0363465202476 -4.77014608253 -0.0332270984328 18.7890055859 -2682.91297087 12.6732461605 -7021.75170301 976208.308214 end
0.00397874954228 -0.0202424882712 0.0073356542493 -2.11824261359 10.8364661293 -4.06441351836 281.890147062 -1450.32484413 699.193458551 end
0.000673348552371 -0.0377948182342 0.483008981012 -0.266896573958 15.2030959779 -198.743408572 23.4026365674 -1370.18365081 18815.5693762 end
0.0202448783733 -1.61146953458 31.0725439578 -10.5986432145 844.0837121 -16288.8764867 1386.94097586 -110514.615302 2134598.57777 end
-0.021202283876 2.42983391719 -68.6311131818 11.143591561 -1276.04199158 36014.0160311 -1461.82202193 167247.297445 -4716143.68077 end
0.00792237352457 -1.23387719109 47.3424284622 -4.19578160529 653.414043336 -25068.7138888 555.267537046 -86469.8854671 3317613.52411 end
0.0184563347094 -3.47398907249 162.323044436 -9.71799846058 1829.44389099 -85491.6025405 1278.68244253 -240753.828686 11252353.4076 end
0.00379816365123 -0.908231049915 54.5790084666 -1.96763624987 470.097639766 -28235.3775441 254.788299797 -60817.6367734 3650974.26117 end
0.0100676677086 -2.54814393533 160.918091868 -5.33827277328 1351.71727147 -85402.9723614 707.464861574 -179219.941419 11328893.7652 end
-0.00616017189038 1.70108853285 -116.872136789 3.29290149887 -910.804237989 62688.2254865 -439.49182933 121751.579916 -8393986.72528 end
-0.00254974741609 0.790955527189 -62.0071928264 1.33291499143 -413.287910574 32380.6925634 -174.261978044 54008.3982992 -4229002.6585 end
-0.00426562928409 1.7277229889 -171.921448938 2.33310501032 -940.681273832 93265.9391152 -318.247887159 127781.314584 -12626922.1711 end
0.0200186629354 -7.90297446268 779.671120304 -10.6431398059 4201.67398446 -414514.627654 1414.54247884 -558421.744478 55090135.4663 end
2.12343559158e-07 1.32299032908e-05 -0.0161522283745 0.00285626676356 -1.26503738203 141.775058479 -0.774679416808 335.366114592 -36431.3547678 end
-0.000437490464759 0.201801260524 -23.2554084526 0.230171758476 -106.179171259 12236.9266146 -30.2443628149 13952.9308376 -1608075.55491 end
0.000701719185002 -0.345719374378 42.5631944913 -0.371247564059 182.904262843 -22518.296374 49.0885081633 -24184.625629 2977598.62447 end
3.82518373083e-06 -0.000242073944916 -0.213576929951 -0.000940773021369 -0.438333550386 186.993210637 -0.0160158628649 131.302428707 -34197.1941406 end
2.48673267184e-05 -0.0123416623461 1.51228701583 -0.0223434020256 11.5819872573 -1494.64156979 4.17527878573 -2202.97218398 290052.906234 end
0.00100141427263 -0.00296409891982 -0.0756083441668 -0.549833551985 1.59406308974 41.8092210638 75.4662763773 -214.406474941 -5641.0553113 end
0.00129863105885 -0.0703630468093 0.882300947364 -0.70427370366 38.1913822884 -478.836579618 95.4334289361 -5179.88706024 65071.9181087 end
0.0359677385955 -2.86742396271 56.6498716079 -19.896165131 1586.14340615 -31335.9589254 2751.3368831 -219336.732408 4333300.30954 end
0.094442598555 -11.3196758225 335.827224586 -51.9657499215 6229.34297295 -184842.398708 7148.11045369 -856982.493114 25433657.1927 end
-0.108934522577 16.2100425395 -601.403197343 60.0512602326 -8936.72112179 331583.900625 -8275.67046104 1231673.9009 -45702667.7835 end
-0.0908757679402 17.4286057318 -833.097246085 50.0667803162 -9603.61587458 459131.468561 -6894.67613197 1322723.84853 -63246969.3886 end
-0.0816759823354 17.1548473847 -896.471529773 44.957031296 -9440.78722884 493238.711726 -6185.8153775 1298748.91522 -67837902.2321 end
-0.0642866730478 16.368717695 -1039.80430183 35.5147518802 -9044.31879168 574634.417552 -4904.30249822 1249152.35935 -79379324.4154 end
-0.000330916827961 0.157402526418 -16.0228397777 0.0603928167478 -51.3213321412 6259.13477125 8.34459349541 2226.50088068 -510380.296193 end
-0.0350840511824 11.3641578998 -919.564785983 19.3274776944 -6260.39404928 506578.574328 -2661.34695201 862038.985305 -69754453.1243 end
8.10971355875e-05 -0.00320099146068 -1.85359894588 -0.0512029243613 3.98149606946 833.093102018 8.56787599789 -1068.77541842 -70098.2577339 end
2.45503173273e-05 -0.00132869574867 -0.501302256844 -0.0109578687884 -0.320576713475 384.185471876 1.50839574662 54.4224207886 -54863.3775356 end
1.43183712282e-05 -0.00148780957036 -0.30115101963 -0.00671332800105 0.307959291091 221.564038131 0.765919699861 26.4901798428 -37887.259098 end
9.75871148505e-06 0.000238835282746 -0.51241157268 -0.00596004929466 0.143380546004 249.98440108 0.897141827119 -55.7987882532 -30080.7345699 end
-2.33863580828e-05 0.00572387810909 -0.0283146692519 0.0107922228737 -2.11196383992 -114.072439123 -1.21240643436 154.423920519 32805.0895749 end
-5.02262563466e-07 0.000651418139269 -0.170847976205 -0.00110045504535 0.373209627324 -3.04050231926 0.328769911344 -145.784095975 13065.4890978 end
-5.06778828471e-05 0.0288568932353 -4.10333756263 -0.00863003817251 4.18983951367 -499.245926594 6.17371023488 -3316.84943712 445273.003622 end
