1.30822709934e-05 -0.000609579550894 0.0102056373975 -0.000404535578559 0.0181537410098 -0.208190271147 0.00170196211784 -0.178064779525 100.559111566 end
-5.63453274189e-06 0.000453614968657 -0.00518027296919 4.16317213565e-05 0.00167962467331 -0.196361685544 -0.0011290789939 -0.0300459314414 99.9180304234 end
6.9793803975e-05 -0.0117228635483 0.489323917829 -0.0016127407009 0.270859845945 -11.256944496 -0.0044946858354 0.740391799464 63.2815265875 end
-0.000146475263799 0.0279344912931 -1.276554593 -0.00493406703634 1.53462700458 -108.75730856 0.0517886230247 -13.4784057634 943.223059145 end
-0.000604778463539 0.194213896187 -15.5638910808 0.00350495511019 -1.34194639225 127.401025301 0.054533995852 -17.0983565128 1413.7217443 end
-4.38866846439e-05 0.0170327217874 -1.65004291886 0.00111982253705 -0.434575446265 42.1923171483 -0.00267849558393 0.958924916252 -1.9336071634 end
-9.39436546825e-06 0.00430758444704 -0.492540991593 0.000326185759972 -0.149868171845 17.266753992 -0.00221058594724 0.923639654632 -15.0099227827 end
8.31213199947e-06 -0.00426329703256 0.546147519369 -0.000416189899963 0.213776626332 -27.2952958942 0.00406793550444 -2.18115361521 368.91737752 end
1.84009719038e-05 -0.000435015751661 -0.00822961700715 -0.00195084940875 0.0503059665294 1.0080170651 0.0468040405807 -1.4554829973 80.7305236276 end
-1.40507903982e-05 0.0014296331232 -0.0368762704416 0.00176726579874 -0.184063680576 4.97550125324 -0.0519328083331 5.37691459362 -45.0624263736 end
-1.19551395217e-05 0.00182092374127 -0.0700925121366 -0.000993243519512 0.18364409435 -7.93039252195 0.0656407205385 -11.4136285961 575.174339884 end
-0.000518725028502 0.126944514028 -7.61242630923 0.0490491331694 -11.9967951386 718.69990228 -1.23040948839 302.360345832 -18087.6962719 end
4.74259405672e-05 -0.0235518924256 2.7030597881 0.0110730888313 -2.63085998471 119.429671334 -0.860425833051 247.007852565 -16871.6576418 end
0.000144646633967 -0.0566611622559 5.53928555295 -0.0170346606535 6.67987100289 -653.607149745 0.397521453321 -156.002084705 15361.0679928 end
9.146232201e-06 -0.00420290231907 0.480429937888 -0.000989397935333 0.454993011734 -51.9256769253 0.0261640936796 -12.0918466692 1470.27235035 end
5.09660833861e-06 -0.00268247272828 0.348474243491 -0.000414476573051 0.219216870189 -28.4158140207 0.00721541222413 -3.90448910557 595.349852568 end
-3.68900773552e-05 0.00102306193472 -0.000735103601363 0.0062972272588 -0.179157977073 0.327176993199 -0.26322499145 7.59642949453 91.0352395397 end
2.85519704262e-06 -0.000387356552163 0.00800468566401 -0.000464397956929 0.0691376280263 -1.48748338307 0.0181162679671 -3.15471963859 182.86767276 end
-0.000168958008848 0.0282936721239 -1.17006872688 0.0308794267401 -5.17275753067 214.161577864 -1.3981191705 234.198711011 -9599.39628782 end
0.00148096231064 -0.359055519318 21.483673542 -0.256430889883 62.3091529597 -3736.99514432 10.4610019299 -2548.43593647 153340.51327 end
0.000207305622999 -0.0582308811278 3.96210157704 -0.0113202127843 2.3505367587 -80.1229340815 -0.537079277136 217.38229358 -21128.5800453 end
-0.000254671721111 0.100431167635 -9.88430400267 0.0479468912852 -18.8989742167 1859.21485548 -2.24225246855 883.29193984 -86754.5605903 end
1.18069872755e-05 -0.00528230286745 0.589183393369 -0.00178259057995 0.795512600904 -88.3825226754 0.0649485359188 -28.9529815457 3297.51963955 end
9.91044894713e-06 -0.00528260703914 0.702811585932 -0.00156543633271 0.835636332459 -111.242707444 0.0609583357916 -32.6638242562 4448.11140216 end
-3.34767591533e-05 0.00137437515011 -0.00501615653776 0.00825312873865 -0.340342780373 1.49532057896 -0.504015719123 20.7143415349 12.9366644929 end
-0.000268686367552 0.0302119879524 -0.730251395995 0.0647755724641 -7.218665222 173.971403983 -3.8737154554 428.26492535 -10182.9519777 end
-5.48971171922e-05 0.0147319613608 -0.711134459722 0.01640669487 -4.0464659761 191.585175546 -1.14620884349 267.62040189 -12388.9370602 end
0.0011285586847 -0.267663767493 15.7481124722 -0.261580604541 61.9033240242 -3632.77619079 14.8325007834 -3503.12914035 205208.906251 end
0.00100152871982 -0.322055592598 25.69267975 -0.250807953617 80.6097093331 -6427.47405322 15.3715525005 -4939.46313692 393864.057323 end
-0.000399533609645 0.14982928752 -13.9200685415 0.0938662206531 -35.2646029253 3283.20126728 -5.48158928992 2062.57644931 -192279.818282 end
3.38954314603e-06 -0.00206022579556 0.29039810526 -0.000865574530027 0.519561857406 -72.5682426401 0.0579593616039 -34.0347365298 4778.99440127 end
-1.66462626531e-05 0.00863002021417 -1.11372342454 0.00368407535918 -1.90675189125 245.754022286 -0.197611562482 101.946805321 -13010.3252799 end
0.000678014218986 -0.0163935303773 0.0582422862851 -0.209160399591 5.05727408156 -17.8694002418 16.0246474685 -387.483073694 1485.76390204 end
-0.000655904727524 0.0746708832087 -1.85802454288 0.224165029437 -25.3711693336 629.902142218 -18.9015626411 2127.31761191 -52572.4910222 end
-0.000448125028604 0.0704744999757 -2.65055209364 0.148719737922 -23.6690749741 900.902974081 -12.2580577956 1972.90220225 -75833.5185608 end
0.000245337417637 -0.0583064925065 3.39048816184 -0.0881126446387 21.0743369082 -1234.83416478 7.85728055599 -1888.53293734 111459.905535 end
-0.000416945178181 0.122754305543 -9.02423869929 0.14530500785 -42.9992649559 3178.85728164 -12.5707448787 3736.46877271 -277355.698227 end
-1.90744657547e-05 0.00163032022328 0.247795200821 0.0280878890415 -9.11138097447 752.671141418 -3.92290681017 1383.21543121 -123342.251978 end
-0.000352699340422 0.174375475769 -21.296070958 0.0912298384725 -45.7365498749 5649.33930041 -5.80173275284 2959.86895661 -370587.326798 end
-1.00130797089e-07 -0.000187099079308 0.0581327493938 0.00020889445566 -0.0369839245503 -5.27205469727 -0.0311750776906 10.8190238468 -555.326352001 end
-0.000424118216985 0.0224779464979 -0.100091862699 0.179502406698 -9.23069268132 42.3076099719 -18.7257017405 936.999150468 -4252.75072361 end
-0.000537600324568 0.0533998117121 -1.35121289877 0.212045301712 -21.0199075969 532.037257971 -20.8813581521 2066.43239298 -52221.9815555 end
-0.000304645057875 0.0514851606327 -2.27240451227 0.124534905782 -21.2161027269 943.816570573 -12.7537572179 2187.04932711 -97740.4356852 end
-0.00100377607082 0.248445591224 -15.0768225523 0.392214003482 -97.1983985021 5904.65427696 -38.009055956 9434.09654776 -573780.09821 end
0.000774672412232 -0.245415501263 19.3242598401 -0.300847427476 95.3709823949 -7516.79613959 29.1321346525 -9239.18598116 728914.426042 end
0.000834579005605 -0.310718335003 28.806382816 -0.325349912617 121.197663602 -11242.0048788 31.8397720583 -11874.0843252 1102762.01241 end
0.000565469692086 -0.234744284984 24.3119515819 -0.227285104855 94.5319852653 -9808.61755056 22.6438151533 -9430.36600385 979784.645343 end
0.00195848289647 -1.01751197177 131.860623727 -0.752588740515 391.337106143 -50758.4588457 72.0476640788 -37494.6555068 4867446.91507 end
0.000132092267696 0.000733034160843 -0.181629857702 -0.0645123592356 -0.107336142597 82.2204086581 7.77972434363 -12.707200751 -9077.32060879 end
-0.000269776888219 0.0372754268882 -1.14253534438 0.120101919812 -16.7090991349 516.121967646 -13.316780196 1864.86630058 -57882.5012744 end
0.000231868583642 -0.0392799023551 1.6511722562 -0.11038286302 18.7942083591 -793.963389505 12.8365489098 -2196.7519925 93438.232722 end
0.000420179139511 -0.105091591265 6.50665075978 -0.180466316623 45.1547853214 -2796.49956496 19.4533637611 -4868.07696927 301558.111451 end
-0.000269775405767 0.0868257466507 -6.92171357583 0.128489820557 -41.2830380581 3285.81932019 -15.1950460164 4874.62323029 -387326.134776 end
-0.000157486355675 0.0539456000693 -4.45544089341 0.0608624067289 -20.401396397 1631.26891437 -5.78106430323 1882.31671373 -143583.759259 end
5.55415235382e-05 -0.0230719820232 2.39257108431 -0.0268805436524 11.1994744541 -1165.03925655 3.25616444138 -1360.67470455 142086.311547 end
0.00052038379892 -0.256253956026 31.3750486772 -0.224858818708 110.266147804 -13438.5279485 24.0143527189 -11715.5661281 1419726.70521 end
-0.000745539680796 0.0223786701847 -0.0207337983026 0.396591727938 -12.0294705938 11.2151310959 -52.65879888 1614.81588079 -1376.37841156 end
7.92071035498e-05 0.00241771910938 -0.369199349329 -0.0377295577236 -1.39988469781 189.091143294 4.51061740547 192.664592269 -23770.330136 end
-0.000790733554228 0.137777530951 -5.91516710675 0.426056339979 -74.367759378 3198.65780624 -57.2839245336 10011.6236156 -431037.302804 end
-7.43718618912e-05 0.0219601755616 -1.56311216258 0.0338679248177 -10.2759832681 744.941635321 -3.68841800088 1163.92327255 -86454.7220461 end
0.000562483469672 -0.184389544668 14.9496100599 -0.289038109051 94.7834174716 -7689.53444047 37.0261759254 -12146.4137512 986136.156916 end
-0.000874847064346 0.336843712384 -32.2989824521 0.463312963865 -178.215015477 17069.9103675 -61.2600373703 23541.1224524 -2252309.72395 end
-1.95701251288e-05 0.00898757363811 -1.02800711967 0.0100079875237 -4.6003415902 526.62303245 -1.26988265904 584.254710351 -66837.1882555 end
4.77953142866e-06 -0.00254450325604 0.337722437958 -0.00252017554808 1.34433669713 -178.806690881 0.330882810625 -176.943445353 23693.8515228 end
