3.41243281692e-07 0.000134578443078 -0.0206619832046 -4.96666956599e-05 -0.00334151925235 1.40525038921 -0.00316850010752 0.480246189307 164.331974913 end
5.63875258821e-07 -0.000104515734802 -0.00135153479596 -4.03029128096e-05 0.00820439736458 0.189977207656 0.00208375824815 -0.666388271813 220.390427961 end
-1.21050952505e-06 0.000880986683207 -0.156169705697 0.000103530264736 -0.0704154663701 11.7637229905 0.000220125503849 -0.248280616773 232.38783468 end
1.40035668251e-06 -0.00114644077521 0.234919619734 2.72426991228e-05 -0.0322159804527 8.60407041059 -0.00027236065504 0.334367156372 75.7608023806 end
-8.86679909029e-06 0.00977526646994 -2.68964326904 0.000289001384563 -0.319528338402 88.1111646931 -0.000929763643344 1.08560673813 -138.107063755 end
-1.74184918069e-05 0.0258384511005 -9.48525271316 0.00102928450265 -1.52768569142 558.341292549 -0.0079636878815 11.5613481284 -3961.87465278 end
-1.66044765828e-05 0.0266635871836 -10.5936505156 0.000858245427211 -1.37359715594 540.571176839 -0.00167784918486 2.59974900147 -780.109947815 end
-5.24699295219e-06 0.01014000986 -4.91206303589 0.000498204265177 -0.951883768063 453.703474757 -0.00523184552981 9.73175039815 -4335.5724775 end
-4.0381161773e-06 0.000388123935851 0.0365655151353 0.000632242136425 -0.0632853698292 -5.74166938754 -0.0258623725319 2.89557538719 379.168774871 end
1.25275369169e-06 -0.000579415162294 0.0555919479738 -0.000349109410257 0.148531094972 -13.7002413733 0.0196853641699 -8.08457937146 922.660678187 end
-4.32450323291e-07 0.000458951762955 -0.108433748173 4.02605855554e-05 -0.054866509061 14.4507601268 0.00119992187815 0.215575731627 -59.387904653 end
1.77763291474e-06 -0.00167753271344 0.390266091125 -0.0003685114275 0.344623514348 -79.2774165008 0.0184369842571 -17.0304751482 4038.80763245 end
7.33384544337e-06 -0.00780025355466 2.05526193266 -0.00072867280978 0.7321274104 -180.608794815 0.0030652327283 -0.26994349851 -639.989379597 end
-5.63687766773e-06 0.00705076336531 -2.14734492232 0.000454352644131 -0.489175679379 116.900894028 -0.0111390200028 9.90725456969 -1303.7382863 end
-1.35139200978e-05 0.0230416943123 -9.78794215624 0.00243325563441 -4.13827242891 1753.89930908 -0.103985784115 176.007344364 -74183.213514 end
-7.35918276293e-06 0.0140963100371 -6.74670670585 0.00122636766406 -2.34549316921 1120.41448628 -0.0429689787513 82.3833513488 -39356.1700527 end
8.10633289428e-06 -0.00113670367024 0.0933882058443 -0.00219306601734 0.296332189091 -26.7153698231 0.145452594398 -18.8995016423 2022.94705485 end
1.52725050224e-06 -0.000234576111596 -0.0298391675427 -0.000856291535762 0.251440332249 -11.4443102418 0.085439672322 -28.8314866488 2203.50720365 end
1.77543393309e-06 -0.0011842846584 0.201021367441 -0.000455611336287 0.305599605501 -52.1977237603 0.0291951359846 -19.713940965 3563.99078717 end
-6.83427578299e-06 0.00589973105586 -1.26465844085 0.00173983613566 -1.50145966963 321.743644317 -0.111148726069 95.9873922953 -20404.1708968 end
1.89398065144e-05 -0.0211753002196 5.92665464786 -0.0059152994089 6.65873096888 -1875.53729981 0.452565324436 -512.081926425 145035.863355 end
-1.71919086178e-05 0.0247936894717 -8.8996330526 0.0054519305351 -7.86576989261 2825.14770428 -0.427465611295 616.110520323 -220983.394201 end
-1.12497303922e-05 0.0185523155633 -7.63412677867 0.00343848085332 -5.65841408208 2323.24536761 -0.256209463478 420.996019747 -172491.172527 end
-6.01716173362e-06 0.0125906957792 -6.53138850965 0.00189476500718 -3.93163613095 2025.36270139 -0.134444362783 278.785524203 -143503.633318 end
-1.06159518587e-05 0.000878067874935 -0.00388574364304 0.00365495995312 -0.266810188038 -0.932788150426 -0.305572952545 18.1316016525 485.497004455 end
-2.61786717632e-05 0.00971519007843 -0.850078411803 0.0105219110729 -3.91892584806 344.150418361 -1.05231647497 393.960601996 -34641.9373711 end
-5.68948636193e-06 0.00455670444927 -0.833894126453 0.00221375724335 -1.78523959229 327.066369401 -0.211078463848 171.854440262 -31396.5569095 end
-2.27075577254e-05 0.0200812796041 -4.40427087064 0.00948737570012 -8.39468052853 1841.49543321 -0.985110854985 871.795662254 -191039.818464 end
-2.65107497898e-05 0.0309015331496 -8.96365347913 0.0105091836975 -12.2391253543 3545.77106688 -1.01777589046 1185.16015966 -343040.704536 end
-2.05318850964e-05 0.029076638687 -10.2793225271 0.0080540393047 -11.389611762 4021.16056761 -0.780718500618 1101.95972248 -388207.55693 end
-2.13188650606e-05 0.0352396083276 -14.5764420855 0.00869714456548 -14.3987334053 5965.29605894 -0.883120868764 1464.31723577 -607460.007459 end
-7.55457967923e-06 0.0143193576163 -6.75850231175 0.00260630367338 -4.94023198665 2331.83244479 -0.203683452356 386.492264525 -182512.950512 end
2.96139275913e-06 -0.000905599143286 0.000198374765647 -0.00119325778215 0.439210823819 -0.17577007102 0.0990187203172 -51.1114158097 138.096393512 end
-3.42713568409e-05 0.0135415270837 -1.27598356795 0.0178677236363 -7.03528253225 660.538116834 -2.30784827856 905.608398795 -84600.8990774 end
5.76307845489e-06 -0.00349093586671 0.478884233282 -0.00248999498308 1.48243673822 -195.491566352 0.260286591941 -150.575229412 18740.9593628 end
1.12388619919e-05 -0.00960140557251 2.02060606082 -0.00565671784324 4.8327338901 -1016.59902558 0.696782278311 -595.294032236 125339.794451 end
7.03466612167e-06 -0.00843992897622 2.52936329305 -0.00348414583044 4.186855553 -1256.98743482 0.428182207899 -515.18388256 154951.790091 end
1.02038756133e-05 -0.0160002899895 6.19840820445 -0.00520221363665 8.17957370146 -3176.561463 0.666079891827 -1048.22557992 407620.747159 end
-7.20493827722e-06 0.0121924432009 -5.22460724597 0.00375373663708 -6.34652752062 2716.99672543 -0.480006813398 810.52147006 -346474.03807 end
-2.03984632582e-05 0.039845146925 -19.4152895689 0.0106964546306 -20.8947729589 10182.0683376 -1.39043631109 2716.78949467 -1324121.47576 end
2.15375949851e-05 -0.00215879304733 -0.0284632023786 -0.0133757462108 1.33353255612 18.4121901875 2.07261257519 -204.966302975 -2850.20054943 end
4.48194501634e-06 -0.0017475021411 0.142498405068 -0.0030185895466 1.15712095267 -92.4436492802 0.513602050949 -193.553491648 15304.130918 end
4.90589678052e-06 -0.00305524242745 0.463014061785 -0.00299039622715 1.85611133978 -281.365191491 0.466978203192 -289.375619407 44101.9361197 end
1.98272328516e-06 -0.00154126817724 0.282387898463 -0.00166601212625 1.36242424122 -269.489775061 0.31955717403 -268.384606226 55263.1952001 end
-1.54891663677e-05 0.0190334932413 -5.79840864722 0.00918806852891 -11.3579650456 3480.82081997 -1.34678465014 1675.87730048 -516868.336867 end
1.92592483988e-05 -0.027035163585 9.49106080399 -0.0122826740826 17.2317831548 -6046.15978937 1.94837886314 -2731.67018099 957982.908781 end
1.93872143127e-05 -0.0325644221106 13.6730907577 -0.0122851466493 20.652805158 -8678.99032846 1.94497772193 -3272.74289092 1376639.74337 end
1.4720262283e-06 -0.00332731359555 1.90958695726 -0.00113225781962 2.48297941904 -1384.92754238 0.221224513939 -471.765795471 256021.75182 end
-1.54058732854e-05 0.00195724900824 -0.0442910798375 0.0112179905006 -1.43356773817 32.6053135879 -2.02718686119 261.26474051 -5901.15368301 end
1.74291119752e-05 -0.00596370348628 0.399914578731 -0.013518999969 4.66361074744 -318.468555671 2.61123983244 -907.474688138 63135.4418508 end
1.82211510616e-05 -0.0118649392169 1.90691400425 -0.0135062735843 8.77882018564 -1408.19793259 2.50693893438 -1626.78257859 260578.736726 end
1.51277500117e-05 -0.0140173169489 3.21361062634 -0.0106783180776 9.92006104501 -2280.44956448 1.86741037699 -1738.80807848 400853.468525 end
-1.43872614924e-05 0.0158655658959 -4.36251973142 0.0111613576572 -12.3109362638 3385.82231802 -2.1638051604 2387.24480086 -656505.519874 end
-3.56048480982e-05 0.0506915893854 -18.012671768 0.0267558854876 -38.1055309931 13546.5591471 -5.00536833248 7130.8566479 -2536023.87614 end
2.02864553387e-05 -0.0337762745772 13.9738290613 -0.0147657329759 24.5960619704 -10177.840814 2.6837775233 -4472.73780548 1851365.09709 end
1.60816761568e-05 -0.0324936838127 16.3670804153 -0.0116203648752 23.5275908364 -11873.0299618 2.08646111696 -4233.88735663 2141129.35554 end
-1.92331271318e-05 0.00203386195839 0.0259051686965 0.0167032611033 -1.76001718492 -22.4970944573 -3.6230924401 380.817043658 4908.65089287 end
-1.53473005888e-05 0.0065767448207 -0.649420723094 0.0133614882059 -5.74439117881 568.542606136 -2.90647160539 1253.33508566 -124222.797722 end
3.39471554952e-05 -0.0231184109855 3.7889991289 -0.0293569296758 20.0301515423 -3289.19733108 6.32687784502 -4325.39673001 711815.261866 end
-5.45448943111e-06 0.00540787997765 -1.32534703553 0.00467646026228 -4.67078439024 1151.85458645 -0.98362905564 991.808906794 -246427.228839 end
7.81831002164e-06 -0.00900566629336 2.58065775332 -0.0069463832046 8.01606780171 -2301.8428372 1.53412780619 -1773.20395477 510290.036259 end
-3.41261399054e-06 0.00452963028257 -1.49441982285 0.00297782044213 -3.9522853362 1303.93699157 -0.648123071812 860.135984607 -283571.192565 end
1.54944384386e-05 -0.0250174377805 10.0712928394 -0.0137436651119 22.2101369901 -8948.64855635 3.04488609446 -4925.09870512 1986281.76948 end
1.01047929562e-05 -0.020006115492 9.89127239448 -0.00872805426821 17.2856634632 -8548.64587095 1.87893321649 -3722.33100291 1841615.84737 end
-0.00212676394422 0.331777796624 -10.2394966447 1.98759412226 -310.08609519 9572.48722313 -464.361873725 72449.8438117 -2237027.65773 end
-0.000669679702481 0.246311318654 -22.075709568 0.625531509749 -230.041055163 20614.0006045 -146.07234267 53710.4858491 -4812050.79616 end
0.000308093058073 -0.123347754808 8.80375295014 -0.286768069283 114.603097576 -8117.61733524 66.726554485 -26617.3303025 1870776.94534 end
5.28304586679e-05 -0.0835283212564 30.8402787956 -0.0489361101264 77.6461591099 -28714.3383398 11.333426798 -18045.8917885 6684134.63979 end
0.000169185475417 -0.159645852166 32.6117905537 -0.156238916645 147.176520291 -29947.300874 36.062270583 -33909.2649477 6871580.58433 end
1.11748121606e-05 -0.00511164599346 -2.42478680091 -0.0103898342627 4.72387579342 2275.4159296 2.41503379222 -1091.38590008 -533554.314866 end
2.4304046796e-06 -0.00853535978545 5.7776565626 -0.00209013815626 7.66849818825 -5268.80720061 0.445702700289 -1719.02270922 1200353.88556 end
3.52518403766e-08 0.000335669384793 -0.450018956385 -0.000186311413863 -0.0565014350087 313.737119019 0.0838851675643 -55.8034817354 -43761.8404827 end
