5.35059011994e-08 -4.04553672304e-05 0.00452172468879 -1.65678074552e-05 0.00867362688011 -0.738959998175 0.000437168220484 -0.255348600515 205.8177253 end
-6.07909872686e-08 7.01362870471e-05 -0.0163637825812 8.36262143291e-06 -0.0081945714051 1.79691359342 0.000416761047589 -0.365036759898 248.043765965 end
-4.45389723595e-07 0.000790054020996 -0.305946964655 0.000124503252869 -0.182546158807 62.9111879853 -0.00368895032854 4.77420959916 -1331.84452462 end
-3.91653108459e-07 0.000588632006421 -0.194447113304 0.000107504327363 -0.18294072423 74.2535260854 -0.00340701969113 6.19111968084 -2605.66191787 end
-1.84072772639e-06 0.000438751788223 -0.010944923856 0.000658177631189 -0.159690083317 4.02433810703 -0.055014257069 13.7575952622 -214.682147337 end
-9.30382620183e-08 8.78254255849e-05 -0.0241059111679 1.48309286761e-05 -0.0174216003355 5.75782018118 -0.000271485420736 0.756175607392 -167.089549176 end
1.45125813439e-06 -0.00175046247451 0.50953829909 -0.000518135201681 0.630239423615 -185.400003222 0.0407194691997 -49.600018505 14734.4291321 end
3.91874723619e-07 -0.000718253077117 0.32912510071 -9.8292413681e-05 0.18348479413 -85.1580975914 0.00632904173149 -12.2529032856 5921.25037303 end
-1.0851945016e-06 0.000268371339975 -0.012301001259 0.000637068188241 -0.153928345639 6.74256270473 -0.0931219887562 21.9367505044 -771.201952414 end
-1.03618278408e-07 0.000100640421246 -0.0299151686333 0.000162736114301 -0.132136136527 29.5085576119 -0.0388569700901 30.3950257106 -6016.60329396 end
-5.01717725162e-07 0.000538752708248 -0.122776696659 0.000303052940205 -0.342042451371 85.3421183172 -0.0417875828597 49.2430343533 -12988.2552424 end
-5.87782617597e-07 0.00109936311014 -0.503160404598 0.000316562263186 -0.590678129876 268.970614517 -0.0385389558437 71.9041798589 -32466.8996881 end
-1.034983967e-06 0.000139076832304 0.00640466137775 0.000839584833488 -0.11687784705 -5.39032867784 -0.170789059432 25.1457808254 1168.71506157 end
-1.85396113007e-06 0.00156654904613 -0.321098479852 0.00141408463543 -1.20860216348 250.173374607 -0.262947594027 228.215383641 -47742.2659911 end
1.78392526019e-07 -0.000265925188341 0.0857479153805 -0.000174645670758 0.261568374196 -86.1057302126 0.0404416807148 -61.0910550288 20641.8219858 end
-2.94267199738e-07 0.000542235997434 -0.250364302415 0.000224623934507 -0.41709023015 194.604483052 -0.040792850069 76.7055493977 -36176.5313647 end
-8.72567238352e-08 5.06855602186e-05 -0.00429658613398 -7.74547620094e-05 -0.0215840683042 5.01234427908 0.0563195949545 -1.49145680653 -1266.21934779 end
2.24476370084e-06 -0.00244300724873 0.619818382875 -0.000246081917294 0.949928387577 -358.12188693 -0.379206094488 92.5793872901 31586.8079618 end
3.68096962843e-07 0.00232297311726 -0.167983537186 -0.00131385254224 -0.653257781011 -438.503060721 0.531124832309 -198.824764459 240786.811188 end
-5.45680892512e-08 0.000442704467389 -0.173311367916 -0.000141088215801 -0.0839909369937 22.4436801023 0.0768400990042 -55.6773315137 26805.4254694 end
