0.000238552784244 -0.0147989770029 0.0691495513123 -0.00956800983497 0.600755712523 -2.98892724767 0.084655352414 -5.12977896754 213.452856998 end
8.30770969714e-06 -0.00176575034135 0.078652757953 -0.000435355670602 0.0962201110472 -4.44142955713 0.00727569415342 -1.89831952644 294.714842029 end
3.80816286428e-05 -0.0122177294088 0.930774915223 -0.000840796341057 0.268505325038 -19.8874534544 0.00450341579193 -1.51672018567 290.325511105 end
-3.87447717165e-05 0.0189958571264 -2.25750288313 0.000916871492796 -0.46436530724 56.4589636065 -0.00488602406352 2.61695771298 -156.095533843 end
-2.08987638965e-06 0.000899936203672 -0.0541850964974 -0.000892034251906 0.51925679996 -76.1069865166 0.00805446306677 -4.81179827994 898.716201564 end
-1.58190502073e-05 0.0105612564538 -1.72030857528 0.00028141817473 -0.176747487355 26.1293937671 0.0052599675178 -3.85974993221 882.281456634 end
-6.72008081762e-05 0.0553612142905 -11.368472564 0.00216991928516 -1.78069635337 364.243258628 -0.00885882686621 7.15501894898 -1272.92813349 end
-8.08956212781e-06 0.00690671742384 -1.43820070396 0.000935701252081 -0.862294610345 197.304639446 -0.0139132816622 13.117494566 -2911.20090262 end
-2.90928772252e-05 0.0319844442887 -8.75665261703 0.00102250027899 -1.13089641309 311.414333153 -0.00669485095409 7.42076464678 -1872.66370507 end
-3.69022844366e-05 0.0456499890668 -14.1103648061 0.000766143075424 -0.949432858046 293.817245157 -0.00176415609222 2.27546917923 -548.201180212 end
1.68775834417e-05 -0.0263691448834 9.95757814596 -0.00131310821325 1.80257703767 -615.916634389 0.00817021311 -10.9144731635 3822.94656435 end
-3.79509881063e-05 0.0581962128338 -22.3791858357 0.00139310876595 -2.14992211543 825.327251485 -0.00720181616559 11.0017005006 -3992.54868111 end
6.86799611997e-05 -0.108565678822 42.7861455601 -0.000991102032661 1.56701916356 -622.200620868 -0.00114436536817 1.70279793401 -428.24771614 end
-0.000162601115222 0.2824384519 -122.524815362 0.00609644487626 -10.5389766455 4547.1935096 -0.0508084418464 88.1334712855 -37990.7305404 end
-4.32435207573e-05 0.08050732937 -37.3993528968 0.000267307198592 -0.482374683593 214.900852132 0.00319158791126 -6.00520342945 3020.65219753 end
-0.000291457210453 0.577593840363 -286.036684952 0.00686929317187 -13.5671329652 6696.6849942 0.0249630278919 -50.2833840636 25463.7025402 end
-2.08508904145e-05 0.00204446531661 -0.048974851731 0.00170910758971 -0.162955166731 3.95568190007 -0.0499321881048 4.51778092683 98.9165656746 end
-8.06547937732e-08 0.000305751442997 -0.0464847476445 -0.000400572020788 0.0543423398835 0.353283489657 0.0208705118888 -3.75263638503 317.096544683 end
2.94999984842e-05 -0.00905665827341 0.659204375503 -0.00234545809999 0.716037919497 -51.4983328407 0.0544638892519 -16.7815490994 1404.28485209 end
-2.85023280406e-05 0.0124381008571 -1.36024907541 0.00228345633859 -0.999533135769 109.850287473 -0.0481307563798 21.2602410803 -2175.47090798 end
-2.03310077907e-05 0.012068724225 -1.79345417684 0.00143601896745 -0.846994824703 125.051132203 -0.0255642674791 14.6900669202 -1932.74764192 end
4.2872510038e-05 -0.0309066571092 5.53005510874 -0.00378131386681 2.73247680981 -490.129414171 0.0775989922621 -56.0974085341 10238.7816651 end
1.38393890914e-05 -0.0103168117781 1.88954117796 -0.000798156812684 0.557830535595 -93.5355243933 0.0103570557954 -6.56025778626 1099.94115284 end
-4.87127069439e-05 0.0472839532345 -11.4394633402 0.0046488753616 -4.49333691778 1082.81067796 -0.0988359835009 95.4350982561 -22816.8667343 end
4.65364463593e-05 -0.0501942040095 13.5098442923 -0.00330133841753 3.55669366614 -956.208557972 0.0551065067561 -59.3100492645 16105.2646246 end
0.000263616132632 -0.318715643343 96.2041054324 -0.0222506840203 26.8291339561 -8077.96694271 0.430628407837 -518.127650327 155862.259021 end
-0.000103079955123 0.141029078938 -48.0397263555 0.0078730067148 -10.6752101976 3601.96095805 -0.127109997243 169.324972448 -55951.4333708 end
-0.000232578895691 0.342416371504 -125.831353384 0.0203902065775 -30.0186719021 11031.2038941 -0.429398653301 631.94336883 -232097.408899 end
0.00017291736474 -0.275216744357 109.510962545 -0.0131792390008 20.9847682974 -8353.29226397 0.239981919045 -382.361737412 152346.636466 end
1.01968254188e-05 -0.0231409449957 12.5297174671 0.000486367572227 -0.456452762889 16.8016062258 -0.0239917105792 36.0416907337 -12827.3961037 end
0.000163935334031 -0.303394443041 140.347196739 -0.0154923172616 28.7154618064 -13306.1387688 0.305927776631 -567.344586427 263232.715969 end
-0.000496324398428 0.988794007766 -492.130076284 0.041344132763 -82.3617258986 40988.377174 -0.737647237141 1471.49956849 -733150.369586 end
-2.7271324485e-05 0.00230900553115 -0.0103324609486 0.00475303778743 -0.391636389881 1.59839776416 -0.211828017593 17.2616738474 88.2599854644 end
-0.000142230365936 0.0256023335878 -1.07752224667 0.0208834371291 -3.77092573495 158.916391137 -0.743969977616 134.799445359 -5509.1044095 end
8.86515089113e-06 -0.00172074757402 0.0111560799224 -0.00156369048781 0.349576919135 -9.89033891993 0.0701861996046 -17.5438183038 960.846323406 end
-3.07016531877e-05 0.0140691302678 -1.61087824369 0.00436708533013 -2.00070639481 229.221781578 -0.155246860647 71.1966035824 -7984.29112975 end
-5.08112547776e-05 0.0291035322198 -4.16931375716 0.00679281081242 -3.89308523396 558.70304458 -0.229442311537 131.304478478 -18654.5623012 end
-3.77141515635e-05 0.0267750066849 -4.75251610721 0.0052368455708 -3.72187250516 661.562143538 -0.183790033574 130.73570521 -23092.4259926 end
-8.30705531792e-05 0.0687131197095 -14.1587095569 0.0119250137273 -9.86042393597 2031.20494035 -0.415927662744 343.734589 -70606.3499137 end
0.000112004789315 -0.10730244859 25.6431540818 -0.0163680218914 15.6713855771 -3742.43059759 0.589869908768 -564.310904404 134809.683586 end
1.51019982818e-05 -0.0178352496944 5.20146037295 -0.00415380227145 4.67859570635 -1311.14686411 0.205876726691 -228.436998521 63342.0311892 end
-5.48898667738e-05 0.0664012849439 -19.9447690841 0.00750704043917 -9.05820932559 2712.00672014 -0.268271500514 321.291235445 -95320.6957426 end
4.36397115675e-05 -0.0585577147244 19.5615492353 -0.00563964265394 7.5842342322 -2538.48645787 0.151272516317 -202.950093308 67780.6389123 end
-4.92017359429e-06 0.00700268095682 -2.54482935671 -0.00177836884573 2.6141512432 -950.594237143 0.117469138134 -171.135083326 62005.8450736 end
8.12931297398e-05 -0.130084485155 52.0242852571 -0.011424083064 18.2368478373 -7275.31160665 0.453067890542 -722.530358111 288016.900854 end
3.61361244046e-05 -0.0621045912514 26.6687680348 -0.00642481939659 11.0804480336 -4775.46951024 0.296366350004 -513.395290672 222326.999704 end
-6.12278906846e-05 0.112362077965 -51.4518209515 0.00911793039635 -16.765769978 7692.27194893 -0.366143021153 675.509258407 -310930.031417 end
1.70839339047e-05 -0.0276921839695 10.8589112575 -0.000387302066657 -0.124539156118 474.486720003 -2.97002461329e-05 33.1755855629 -31693.7103468 end
9.05953998488e-06 0.000117584546884 -0.0544695378984 -0.00271261421285 0.0387709645647 12.408761345 0.168897978739 -4.11294451922 -524.777526501 end
-3.02406074024e-05 0.00732702852508 -0.39961292954 0.00576178307021 -1.42672255541 80.4102964883 -0.273987930177 69.1940740177 -3837.65031828 end
2.9117359854e-05 -0.0107807862862 0.950317395275 -0.00587728108058 2.16293220277 -189.494784386 0.289458737819 -105.876557884 9408.45381574 end
4.51672251646e-05 -0.0190982709075 1.96249137117 -0.00914017028173 3.84797145417 -393.646962664 0.458490863236 -192.318207141 19790.9159232 end
2.61772505373e-05 -0.0153457325593 2.2470607082 -0.00477017014625 2.81510842606 -415.301072539 0.206170445931 -122.979901592 18531.8381195 end
5.71998846247e-05 -0.039645009405 6.87927782353 -0.0114678852573 7.94961184766 -1379.60514129 0.56307825966 -390.294016755 67900.9079399 end
2.80981804852e-05 -0.0246881945515 5.39023570033 -0.00572988112679 5.03625671221 -1099.65042467 0.287060136091 -252.421016951 55299.557016 end
1.05575240727e-05 -0.0100144380249 2.34776502185 -0.00222236991039 2.1105085564 -495.422626727 0.11478022394 -109.037605842 25784.2535992 end
9.53724228602e-05 -0.1015947242 27.0081759758 -0.0177128014003 18.7710448858 -4964.7596557 0.81866416132 -863.982053416 227745.756911 end
-3.32394705333e-05 0.0422740973368 -13.3788453687 0.00456689715436 -5.87937273966 1880.72541291 -0.10655053797 142.434212607 -46925.5752295 end
0.000182648975668 -0.247622769181 83.7769359805 -0.0384456472435 52.1759949949 -17667.6029175 1.98588074388 -2695.70450388 912966.460694 end
-6.20056520833e-05 0.0910109626552 -33.5576303974 0.0139555020845 -20.5273743608 7580.69591909 -0.79403359963 1169.39564549 -432006.754447 end
7.17191324175e-05 -0.111180842132 43.036151775 -0.0160081082618 24.9378812225 -9702.77384448 0.911369291324 -1427.52422443 558669.737512 end
0.000210344127198 -0.364223490925 157.552973076 -0.044795345308 77.5781129007 -33562.7538838 2.3314728813 -4038.9499091 1747941.17986 end
0.000195623201291 -0.365088393632 170.230579188 -0.0383402560576 71.5674800782 -33377.2954899 1.84530539171 -3444.96294118 1606960.93826 end
0.00016390919579 -0.322296196942 158.354127292 -0.0352911036898 69.3811775678 -34084.7363694 1.92446271414 -3782.48833607 1857907.46379 end
1.49548844222e-05 -0.000274841450664 0.23519044676 -0.00285905896025 -0.0186987965902 -62.6287952924 0.109997045401 7.92333493877 4276.99876106 end
-0.000120198694137 0.0188171998035 -0.498473960666 0.0311030294594 -4.86804737881 125.797760789 -1.98662063393 310.458859782 -7617.92917461 end
-9.76840317638e-05 0.0351852605985 -3.11377033593 0.0241433964505 -8.72870794652 774.925193756 -1.49149831531 540.801051241 -47938.6243442 end
3.02585141211e-05 -0.0157397587038 1.98416239129 -0.0081099288458 4.19830093848 -527.135932404 0.538443477436 -277.577185732 34912.4120655 end
-5.05718634812e-05 0.02946340315 -4.27981455574 0.01323437392 -7.70822843423 1119.2971935 -0.862334547232 502.085271319 -72703.1666336 end
-1.3605202524e-05 0.00988285142056 -1.76106342805 0.00371341565306 -2.68858309413 477.797999076 -0.255834970076 184.613604027 -32552.7232187 end
-1.25251311385e-05 0.0108894585012 -2.34790756333 0.0035473847566 -3.07167872842 660.05084152 -0.250622574878 216.32573735 -46184.8489952 end
-2.35520626472e-05 0.023076319235 -5.63845645941 0.00607850234713 -5.95987624284 1457.19564132 -0.391736242179 384.351053231 -93852.1815257 end
6.8043292532e-05 -0.0765859185935 21.4307758927 -0.0177209537237 19.9934913337 -5608.08741295 1.1924039915 -1347.5948491 378802.028328 end
0.000681704226359 -0.837550025467 256.981893904 -0.178338140382 219.002279334 -67163.9049285 11.5729665823 -14205.7390344 4354948.2079 end
0.000135684027151 -0.181781369926 60.942083535 -0.0396446797869 53.0389779185 -17751.7758673 2.77562654254 -3707.57703165 1238888.41821 end
0.000244254814611 -0.361983099549 133.939326413 -0.0638778746909 94.7060884945 -35058.6238049 4.12800556901 -6123.14343364 2267942.32247 end
-0.000202362223646 0.322271059303 -128.226476717 0.0499390614407 -79.5458790004 31655.1088041 -3.01873180225 4809.09901045 -1913871.19851 end
7.26721961682e-05 -0.122018154091 51.1112606551 -0.0140245009525 23.358462605 -9697.13145102 0.6319836165 -1039.01078186 425090.427339 end
-2.32031927616e-07 -0.000219631172617 0.412998433541 0.00319880210456 -5.8367829588 2659.28419365 -0.382470688361 707.396991355 -326882.86448 end
-1.78554224297e-05 0.0364197684874 -18.5229321306 0.00467615948475 -9.55304050553 4865.78939531 -0.270061990342 555.419998171 -284569.123638 end
5.2807306118e-05 -0.00427800099119 0.114342549673 -0.0181768677509 1.41860423632 -35.2372648535 1.53858810712 -116.581235415 2834.48703524 end
3.52401275172e-05 -0.00109460910456 -0.124872361974 -0.00925982619838 0.0351719194888 51.1928675697 0.610438503966 15.9075808404 -4569.42857851 end
-7.60021340566e-05 0.020718462068 -1.2899356396 0.0272524468238 -7.55329135181 482.448144977 -2.40525546559 676.967590454 -44087.6151772 end
-1.88829959333e-05 0.00787880092042 -0.826987124689 0.00592539815189 -2.47154854347 259.585364631 -0.46934858219 195.675877076 -20369.9402945 end
5.87920388414e-05 -0.0337784931362 4.83117773705 -0.0183661806161 10.5389077651 -1505.02101399 1.42454278487 -816.439649715 116594.108381 end
9.72927579753e-06 -0.00670050374847 1.14210422575 -0.00298136726486 2.05586036482 -350.620925404 0.230033128869 -158.728880375 27245.3994271 end
3.52380462845e-05 -0.0289517184024 5.95250552453 -0.0115870258607 9.52921768145 -1960.77369924 0.948166113019 -780.320660071 160827.366129 end
6.13989926051e-05 -0.0590343910033 14.1605357889 -0.021464836111 20.5881922338 -4927.30364269 1.81470048071 -1737.68526278 415406.83802 end
-0.000570985973853 0.62035819596 -168.163433363 0.178267022844 -193.59237316 52454.0650303 -13.7792242147 14957.4453257 -4050909.79229 end
0.000151183127237 -0.185727430378 56.8051867728 -0.0504579403533 62.0951739954 -19024.4497226 4.18161774787 -5154.82286641 1582110.42707 end
7.96553691443e-05 -0.104001358427 33.8083692249 -0.0219858443669 28.5796564852 -9243.3032735 1.39499802524 -1799.16186215 576694.960444 end
5.12850804992e-06 -0.00948939968737 4.16158382987 4.02359718176e-06 0.569473071366 -406.480211602 -0.127581389243 145.553617966 -39142.5856532 end
-0.000218715549571 0.347090362976 -137.615855105 0.0712041702565 -113.046914948 44840.1586592 -5.73017956168 9100.52849519 -3610792.77279 end
-1.74581967436e-05 0.0244905145492 -8.13777598554 0.000398616488453 1.08829853672 -1232.13982751 0.393412540083 -818.327309857 412820.568071 end
-5.81303206346e-05 0.107236498581 -49.44850604 0.0171268879803 -31.528812731 14507.4084908 -1.21555930503 2231.10144204 -1023446.37655 end
3.84452881788e-05 -0.0748641646348 36.4682772842 -0.0114768877902 22.3880718919 -10925.1192858 0.893616439717 -1746.8313605 854244.833115 end
-9.8925524315e-06 -0.000766073172957 -0.0420760621554 0.0045746787268 0.245219960927 15.4101816311 -0.53782912607 -17.2261554313 -1264.35020439 end
-3.00717203329e-05 0.00360456602387 -0.102083475907 0.00786619228355 -0.739386611889 13.4015306508 -0.428507845741 14.9796741477 1019.59544276 end
-2.67161413486e-05 0.013507525736 -1.50068125701 0.00939862414947 -4.93907457326 558.095049204 -0.815240588617 448.679933269 -51564.2926726 end
-0.000117226056879 0.0534679548624 -6.05415796982 0.0435295440082 -19.8529824711 2247.20453165 -4.03895075838 1841.89410921 -208233.921857 end
-0.000134236017999 0.0724319102376 -9.70681583912 0.0488982788955 -26.3440316621 3524.06354515 -4.44438663916 2390.56303258 -319007.560468 end
-0.000255066733801 0.179106988099 -31.4535666782 0.0957234880301 -67.1956321473 11795.4725747 -8.95816646851 6286.85897816 -1103027.8021 end
-1.85689082835e-05 0.0144092503291 -2.79313744424 0.0065678274201 -5.08907592575 985.519035136 -0.57940252976 448.305876494 -86550.5749096 end
-5.315880108e-05 0.0512156351569 -12.3742593773 0.0237449428164 -22.7915072388 5482.89372754 -2.61147917255 2499.00350375 -598883.574078 end
-0.000107228925875 0.122826128484 -35.1061531553 0.0464781871545 -52.9764664634 15069.1744696 -4.95991532159 5630.0354413 -1594883.84532 end
0.000197444469222 -0.246738029568 76.9425483291 -0.069985490549 87.5601890888 -27336.0203113 6.17619928967 -7735.0680556 2417457.58648 end
6.1888569925e-05 -0.085468463157 29.4225470384 -0.0231715762244 31.9831701282 -11005.18512 2.13971197264 -2953.42478618 1016464.46836 end
2.5644541094e-05 -0.038424792691 14.3710277152 -0.00826321864554 12.4425356113 -4674.56516354 0.66641757002 -1009.30049267 381288.42494 end
6.88011872509e-05 -0.120698408263 52.2607521626 -0.0264858119269 46.3386660055 -20017.9561474 2.56506339001 -4472.23789507 1926471.06555 end
-0.000163765345724 0.278562555112 -118.479015819 0.0622840478497 -105.857275985 44985.588038 -5.95910198839 10121.7307707 -4298467.2609 end
-0.000433652600562 0.811128333857 -379.217315787 0.165092045696 -308.812376507 144382.509072 -15.6261477267 29231.1071262 -13667489.0127 end
0.00036992731285 -0.737765683042 367.590854292 -0.141887616287 282.878606514 -140897.123236 13.5837333203 -27070.8892712 13478400.6588 end
-0.000275392317599 0.0166033083679 -0.0678844162609 0.117644381831 -6.9828197847 25.6733360284 -12.5385972969 732.896876636 -2260.74203512 end
0.000243679247861 -0.0483949171297 2.33778822829 -0.105764248131 20.9688745626 -1011.95036092 11.3884270394 -2255.0780409 108911.227674 end
1.94957547463e-05 -0.00599789899117 0.42175664292 -0.0101972716678 3.21003704651 -233.595037427 1.25270492796 -400.341191462 29844.3071357 end
2.28606128614e-05 -0.0156314288148 2.42836526814 -0.00826827817598 5.96439003298 -954.730187838 0.680652242073 -540.914915601 90972.6538893 end
0.000373279975046 -0.21047099929 29.6620349002 -0.157887165989 89.0245298832 -12548.7422999 16.651491755 -9389.87352726 1324104.04104 end
0.00015412439463 -0.096068571254 14.7919032311 -0.0658373520163 40.933593826 -6280.00957997 6.99628341659 -4337.23581157 662848.865292 end
0.000422592747273 -0.345221546701 70.5837462346 -0.17998535974 146.936478703 -30024.7848745 19.1256641659 -15604.3682481 3187014.43308 end
-0.000187003539792 0.17907842823 -42.4559785617 0.0797174418387 -76.4784975002 18163.4640966 -8.52240875375 8191.07486039 -1948703.41981 end
-1.25242812661e-05 0.0132907794275 -3.38434178902 0.00314852965433 -3.18200796388 738.523168699 -0.0622292204463 30.417445411 8512.81790986 end
0.000281721479824 -0.346530578867 106.299008797 -0.123934767362 152.440545417 -46762.0692266 13.6144078932 -16744.0641804 5136180.4726 end
-0.000230735235355 0.311196248804 -104.948808445 0.10134805681 -136.567967777 46014.3072377 -11.0770171963 14913.1276459 -5019964.56133 end
0.000355808863545 -0.52457972584 193.077654126 -0.156250605514 230.353354325 -84780.6427334 17.1422034881 -25271.4696306 9301107.23923 end
-6.15233813968e-05 0.103847220564 -43.7574593879 0.0258390084495 -43.6243315071 18387.0387654 -2.71821022719 4588.78168065 -1933970.1793 end
4.96173735213e-05 -0.0807909619715 32.809024915 -0.0164935069761 26.3527033991 -10479.9553042 1.22173335963 -1878.96542775 714533.177463 end
0.000611816693121 -1.13710019019 528.003385745 -0.268277156326 498.646907503 -231557.003556 29.3240071991 -54507.742481 25313075.622 end
0.000283226270106 -0.565663832614 282.314210352 -0.123300468275 246.245488897 -122890.877656 13.4050946466 -26768.4268339 13357536.8482 end
9.55335417708e-05 -0.00438796194878 -0.0840154408739 -0.0468860936985 2.17120356272 41.2246924344 5.71838664728 -265.158473203 -4956.13273074 end
-7.67782639284e-05 0.0105275501534 -0.372408829135 0.0383057049001 -5.21673201483 183.549982869 -4.76636171843 643.989511803 -22336.1097265 end
6.73314887479e-05 -0.0129251188861 0.342450592259 -0.0282803738896 4.73855405724 -35.9616015738 2.89158922544 -388.526352926 -11186.1355617 end
-0.000171167013773 0.076141802695 -8.16492499476 0.0848122480444 -37.6660979214 4032.34899248 -10.4912967452 4651.87468275 -497083.590313 end
0.000291648385099 -0.173011000233 25.5463060057 -0.145872760629 86.447645097 -12750.5407879 18.2330140923 -10793.5073056 1590249.94513 end
1.99481579519e-05 -0.0147974796005 2.73457944295 -0.00938174734195 6.97527435554 -1291.63742323 1.11534129148 -830.298598083 154107.837564 end
0.000230652078587 -0.192788262594 40.1346046882 -0.116848890869 97.6735871702 -20334.8249762 14.789422515 -12363.3734573 2574327.54632 end
9.77190599529e-05 -0.093265645969 22.2143816835 -0.0482914458149 46.0954613131 -10980.1879263 5.87920026387 -5614.04602248 1337972.69649 end
4.95015096912e-05 -0.0549609308628 15.2076024344 -0.0227144847066 25.2179840061 -6977.54572132 2.60354003412 -2889.44421837 799277.241226 end
-0.000135889620603 0.169153621927 -52.5117925895 0.0644793089357 -80.3787618287 24985.9823186 -7.61129892504 9503.37166913 -2958473.08397 end
0.00029782110216 -0.396347800951 131.538550511 -0.147407634829 196.247065287 -65158.168051 18.234065718 -24283.7735309 8066121.01881 end
0.000402245602508 -0.594234646381 219.277258044 -0.199980205899 295.390878121 -108985.887465 24.7852994837 -36604.7073329 13503391.504 end
0.000185943515522 -0.290313893681 113.174997055 -0.0945469984647 147.736817863 -57640.547613 12.0072202824 -18778.1424415 7332870.64874 end
0.000307494872378 -0.526321624379 225.171334636 -0.152632749363 261.3542897 -111854.779228 18.9101104821 -32392.2818377 13868526.3839 end
-9.80567314898e-05 0.179568683605 -82.0902177663 0.0476955014192 -87.4027306634 39983.2743597 -5.76658074123 10574.7813106 -4840794.88651 end
-0.000137935162363 0.267908327815 -129.926046398 0.0671527646084 -130.375070595 63199.1502997 -8.12101809871 15759.2178405 -7635230.82878 end
-0.000107764067051 0.00409842428372 -0.0291517390017 0.0589843544147 -2.29443899401 16.5370484541 -8.03578279619 320.129880757 -2224.58647 end
7.75175084804e-05 -0.0155871596204 0.684892303693 -0.0430877569513 8.68414241994 -384.17695504 5.99208622287 -1210.08387699 54040.3733336 end
1.33008487556e-05 -0.00633253558528 0.645037658046 -0.00969916397411 4.28941620757 -423.000198072 1.71605652274 -718.484603423 69083.8960596 end
-0.000241279304797 0.104317946106 -11.252569959 0.126648753499 -54.6922458647 5894.88690174 -16.585349323 7154.02885528 -770390.68487 end
3.33439231506e-05 -0.019411254839 2.90864568399 -0.0198220725017 11.4922133103 -1712.46787998 2.93176844092 -1694.25200114 251447.301745 end
0.00031619109588 -0.227097301293 40.6431095038 -0.173448907687 124.627947964 -22315.3630861 23.7656410971 -17082.3469502 3060190.13174 end
2.43192848636e-05 -0.0200869017485 4.16478538768 -0.0131422570733 10.8564655831 -2251.88877933 1.7689526723 -1461.49169666 303486.940147 end
8.94452228499e-05 -0.0864521187267 20.8651858807 -0.0473967931602 45.8737167334 -11086.0909418 6.2137869795 -6024.37014516 1458439.43918 end
-0.000118795951201 0.128327123365 -34.5810592715 0.067733126956 -73.1937190419 19732.8687749 -9.57076882553 10345.1009252 -2789945.89293 end
-0.00013568640169 0.168257929553 -52.2112242573 0.0773808438516 -95.8832664277 29728.3121942 -11.0028008307 13623.9069774 -4220678.25271 end
-6.94976943715e-05 0.0938052967038 -31.6707628996 0.0353241396048 -47.7128553465 16123.960985 -4.47747384902 6052.83381362 -2047615.96856 end
-0.000132763265023 0.187740005887 -66.0585163602 0.0743441289548 -105.203741398 37045.0996124 -10.4442415328 14794.1949917 -5214888.0363 end
7.98638320873e-05 -0.133563055973 55.6469556064 -0.0433159756029 72.4339667776 -30179.3188538 5.85599174163 -9792.65764927 4080758.18064 end
-0.000118719129759 0.207358892268 -90.4968931433 0.0626786450728 -109.590126436 47875.0230471 -8.23378085913 14413.4158646 -6303553.93735 end
0.000223163063511 -0.417905932906 195.268769995 -0.124476875769 233.149021514 -108965.095183 17.3505138268 -32504.6955474 15195082.5771 end
-0.000147689278943 0.300702600031 -153.116726444 0.0804917901113 -163.930618156 83497.5487453 -10.9416261743 22291.4296052 -11357989.5752 end
-0.000195761580835 0.0103106226051 -0.0776227793251 0.116186216296 -6.09194723407 46.4780638681 -17.2119958933 898.598034275 -6829.71646104 end
3.50059426945e-05 -0.00498907468575 -0.028365556862 -0.0227470332734 3.26695464059 9.19978012806 3.65639826676 -527.498040782 -202.911404129 end
9.73222097641e-05 -0.0225287370487 1.19338535411 -0.0586417165029 13.547710344 -714.48608554 8.85703896925 -2045.80321047 107865.326183 end
-2.85408493361e-05 0.00982810172018 -0.731546065653 0.0220124971962 -8.09142382007 683.803640582 -4.08696583704 1566.86782174 -141898.669864 end
-1.65786128731e-06 -0.00108672097596 0.360647389822 0.00139797497488 0.433139969934 -186.969490305 -0.247469061762 -46.2168935735 25946.9593401 end
6.91430819369e-05 -0.0448503344779 7.23094215446 -0.0425210695225 27.5703496275 -4443.36172874 6.53217324865 -4233.57934468 682164.355177 end
-3.50473338606e-05 0.0306822101508 -6.71426829891 0.0186404831366 -16.3882013009 3601.44741237 -2.45137451542 2166.47871146 -478361.53225 end
-2.69574282148e-07 3.35822211657e-06 0.0676638066879 0.000228244371512 -0.0676744424905 -24.500669175 -0.043437782919 19.4014720001 1564.12638104 end
-8.5578129835e-05 0.0979688411765 -27.8634340821 0.0518270146539 -59.3994563402 16914.7777814 -7.75732060629 8904.45424948 -2539531.7808 end
-0.000168593337201 0.204693366058 -62.0705499725 0.101889124054 -123.733453453 37529.4664148 -15.3414014364 18634.6192822 -5653339.30831 end
9.89998359424e-06 -0.00933799789746 1.87479670533 -0.00312831866279 1.81458884338 148.810779072 0.0125898446922 342.976411824 -229050.069783 end
2.72689637408e-06 -0.000116202328439 -1.28239284281 -0.000785468051022 -1.28045876963 1299.57075521 -0.037928227393 436.071258242 -289614.359203 end
8.7477576394e-05 -0.14266124462 58.1465261019 -0.0554823989586 90.4829518974 -36880.49091 8.76528837008 -14296.0095345 5827701.45474 end
-0.000227780523314 0.397810648283 -173.40164188 0.137863487676 -240.792206308 104965.472928 -20.8601938017 36436.5340849 -15883976.5902 end
0.000228948219549 -0.427209089067 199.170574173 -0.138063429299 257.693802428 -120174.471846 20.7904198385 -38815.8081507 18106727.3257 end
-0.000268785853597 0.532602129593 -263.527296335 0.168912709364 -334.797575673 165705.100903 -26.4305054686 52402.8330824 -25944322.262 end
0.000200160525172 -0.014389131834 0.14912783864 -0.129416605481 9.27086051953 -97.9581562976 20.8300291469 -1487.48180827 16168.7800768 end
-0.000193288553965 0.033438200399 -1.42645835214 0.124549836757 -21.4205719031 907.699804258 -20.0503672863 3428.19257951 -144128.971284 end
-8.1362843162e-05 0.0248410207058 -1.89108530177 0.0525159332644 -15.9896308704 1214.07242774 -8.44155478736 2561.50403383 -193718.778318 end
-0.000147026249311 0.0724570968124 -8.86037287527 0.0997622782391 -49.0439420139 5982.94346012 -16.8590446067 8270.01021929 -1006555.92393 end
-1.88548869857e-05 0.0128421679787 -2.10863916365 0.0146054789687 -9.73204068975 1572.37440083 -2.72156395946 1785.13524816 -284848.6061 end
8.63228481143e-05 -0.058809973244 10.0826822669 -0.0574153718425 39.098515531 -6701.55075231 9.52935830196 -6485.93246786 1111444.27184 end
-2.07146381929e-05 0.0170220300876 -3.50129924983 0.0153334703968 -12.5655719064 2574.89521941 -2.83072497979 2316.76073353 -473569.821957 end
-6.64580668589e-07 0.00125103315719 -0.437148713355 0.000501039815181 -0.892336048486 306.127532602 -0.0944293424323 159.559801369 -53519.4690327 end
0.000117104534194 -0.129924521652 35.9318770994 -0.0784330754624 87.0309965861 -24071.923335 13.1205084311 -14560.7893976 4028034.7762 end
-0.000393753373848 0.478132067166 -144.996783212 0.261259052205 -317.312892309 96251.6765283 -43.2753009939 52570.2522766 -15949919.2881 end
-7.05715467379e-05 0.0951293984996 -31.9944978099 0.0472554676741 -63.765475777 21469.0598523 -7.89958518142 10670.7497188 -3596543.91134 end
-3.47880374762e-05 0.0525246766679 -19.7715726427 0.0216077287671 -32.6561763666 12302.6692991 -3.33827121471 5050.31465342 -1904129.84873 end
9.30316051291e-05 -0.148543399339 59.2323177124 -0.0610685040125 97.5019143705 -38876.1083745 9.99055660325 -15950.3123001 6359439.45311 end
1.07696729362e-05 -0.0176126495727 7.18807790931 -0.000306727616382 -0.108463704628 313.35315566 -1.09310919309 1991.30620263 -902429.615115 end
0.000408361845684 -0.751246127241 345.575115655 -0.269289244306 495.336717394 -227824.119949 44.4047271976 -81669.4566982 37558047.2456 end
1.30948643496e-05 -0.0324973760642 19.3837146694 -0.00642662292872 16.9607942613 -10521.7658275 0.781339468987 -2228.58254173 1445294.19136 end
-1.1849630502e-05 -0.00142736931946 0.175337959004 0.00785119004319 1.08628447037 -127.671667104 -1.31405745676 -204.653687427 23297.1650293 end
0.000213570860501 -0.041531593311 2.06145463734 -0.14832091155 28.8980023489 -1441.40814704 25.6437112557 -5004.68373576 251008.361807 end
0.000257546179179 -0.0847210373993 6.82904182893 -0.186310457251 61.3129860922 -4940.99179741 33.6489248988 -11078.2586235 892712.179197 end
-0.000600072302603 0.266150449651 -29.2454562268 0.431818309766 -191.623440447 21069.3702689 -77.5843120694 34446.8930492 -3789771.21111 end
5.55733241459e-05 -0.0350773800187 5.5182406143 -0.0437689213043 27.4624095275 -4295.57963816 8.57941443194 -5355.34284054 833550.946245 end
3.64943015145e-05 -0.0261381513607 4.6247907483 -0.0264118067226 18.9058870819 -3343.73101375 4.76955885183 -3412.13706069 603298.300243 end
-0.000185753067346 0.153555470823 -31.6821787343 0.133571190914 -110.452542684 22794.67205 -23.9810938488 19838.6446466 -4095545.42234 end
-4.10359003156e-05 0.0398753846628 -9.67153478421 0.0291678618583 -28.3482638873 6877.03673896 -5.1822714969 5037.62152506 -1222127.20214 end
-1.62671346675e-05 0.0178346549304 -4.88376203351 0.0116867617177 -12.8159241004 3510.07416343 -2.09882237529 2302.22139307 -630470.954174 end
0.000198184437174 -0.239082604645 72.0262898261 -0.141927785118 171.313018914 -51637.3405551 25.3714233942 -30643.0063243 9241926.92635 end
0.000417580020474 -0.562924213229 189.641199507 -0.304412226401 410.274788749 -138180.476488 55.4231725002 -74681.3605008 25146707.1766 end
0.000171245897707 -0.259244331244 97.995363855 -0.123641378872 187.268190465 -70820.5441473 22.2875476605 -33772.9941884 12778018.3128 end
6.47052413883e-05 -0.114490992394 50.00993071 -0.0436440575932 77.7843394033 -34170.3581784 7.3124475027 -13141.9539596 5810996.04439 end
-9.21662645176e-06 0.0238078592554 -13.7813836186 -2.84618688755e-06 -5.76217039005 5053.24009145 1.18021522995 -985.703974092 -43512.8883234 end
0.000726578275949 -1.35321830553 629.761610848 -0.527347894034 982.243977999 -457156.554561 95.6423370445 -178157.841962 82924823.0796 end
0.000362899617889 -0.723080434169 359.91958299 -0.266823175841 531.647560392 -264632.133521 49.0269677651 -97686.979607 48624852.454 end
2.43222272332e-06 -0.000255660951812 -0.00929865210316 -0.00118671840246 0.167835245149 6.36596034944 0.104167954207 -26.7472180127 -991.925189858 end
-4.91166788049e-05 0.011705552863 -0.651796199139 0.0369456062999 -8.94678558521 502.824903622 -6.91195729636 1704.35039704 -96672.9403914 end
-5.79662553296e-05 0.0168932449302 -1.25705114809 0.0453501162947 -13.1922180855 976.816456923 -8.87418208421 2578.0517496 -189885.659412 end
-4.81094345832e-05 0.0193603231305 -2.08210147746 0.0388265267843 -15.6500541886 1680.4215459 -7.82873333721 3160.64890815 -338681.982786 end
-0.000382240695848 0.222651970653 -32.3585864458 0.299197304162 -174.351323208 25349.7156072 -58.4996061094 34101.9899027 -4960024.77629 end
-3.81735913683e-05 0.0274400716378 -4.95187478381 0.0303548596881 -21.7934365286 3927.42659548 -6.02225415975 4318.8213009 -777219.720307 end
-0.000385150970254 0.319818265809 -66.1909996151 0.299858330822 -249.098062346 51574.9866392 -58.3113646072 48461.4042413 -10037846.4928 end
-2.55265648494e-05 0.0243471923708 -5.82901642076 0.0209089293185 -19.8878521408 4745.35553457 -4.29881292536 4080.19273388 -970729.255204 end
-9.18580722362e-06 0.00998163294178 -2.72069633917 0.00743821126857 -8.07984246121 2201.28569051 -1.50331193754 1632.46969269 -444360.877619 end
3.06047526369e-06 -0.00363072247956 1.07477669622 -0.00222375331287 2.62653099232 -774.080605959 0.401118499935 -471.406138071 138424.919895 end
5.41620598073e-05 -0.0747209104184 25.6952821357 -0.0415152716692 57.3422614169 -19740.3117106 7.94054554442 -10981.9980527 3785207.34682 end
-0.000431413708034 0.636085022315 -234.363056697 0.341085558651 -503.020619213 185379.634656 -67.2816808688 99248.3585973 -36584981.136 end
-0.000183612751735 0.293731909672 -117.429323566 0.145854938747 -233.327478139 93278.6787518 -28.9216000899 46264.9785534 -18494607.8558 end
-0.000358733106084 0.619769222351 -267.624753973 0.283053139041 -488.98146675 211132.133826 -55.815852918 96416.7741728 -41627760.7202 end
0.00015238402151 -0.26633666891 115.971098913 -0.124054848781 217.254149595 -94805.0789893 25.2106150179 -44233.750703 19342433.6484 end
-3.12503477318e-05 0.062106509526 -30.8607606937 0.0246398833689 -48.9645272477 24328.020637 -4.86357942157 9663.97074563 -4800802.76176 end
0.000115153004939 -0.00558674867486 -0.00703217055027 -0.0974083351153 4.69520383303 5.2527644888 20.5941111513 -985.990568581 -926.741596912 end
-0.000174143610468 0.0339526537943 -1.45241761375 0.147403563071 -28.6518824297 1220.93802226 -31.1711313959 6041.04065132 -256385.03411 end
3.27891804734e-05 -0.00327701583243 -0.18136661559 -0.0293095749022 3.21819551647 123.820236007 6.50959610029 -768.700195867 -20286.2699543 end
-9.51960119797e-05 0.0432600958195 -4.72075346191 0.0793522711402 -36.0439834795 3927.04286363 -16.5323365404 7506.00656438 -816375.439744 end
8.15664040575e-05 -0.0502901727478 7.54080453339 -0.0694819205014 42.9235620522 -6450.04135662 14.7575886724 -9134.34275193 1375580.89872 end
-0.000205934394053 0.150086326097 -27.2630623341 0.17185973142 -125.363571729 22794.8783219 -35.8116925518 26146.1889946 -4758809.64693 end
0.000108720614374 -0.0907196766782 18.8714215794 -0.0907578994245 75.7364406672 -15755.3879629 18.9201286349 -15790.2920106 3285195.28974 end
2.97832285316e-07 0.00155978494381 -0.737121838337 4.50306253527e-05 -1.64536458817 710.631398023 -0.0841940785032 429.791489227 -172048.226216 end
-9.41730246435e-05 0.106029960043 -29.8067008475 0.0771254296535 -86.8718557421 24430.5080244 -15.7887622698 17791.459007 -5005165.71953 end
-6.05250038908e-07 0.000918744198636 -0.324672234567 -4.92393170497e-06 -0.136449142361 76.2647314867 0.104249921697 -99.2337282488 23772.1879233 end
2.02254644172e-05 -0.0271365805816 9.12640363699 -0.0170048330662 22.8142430287 -7672.55139457 3.57547494048 -4796.75891243 1613334.88144 end
0.000317554244177 -0.469419681338 173.255383567 -0.268933627958 397.558633719 -146736.9262 56.9251388233 -84153.5419696 31061734.092 end
8.01330075355e-05 -0.128790483263 51.7143271297 -0.0677487218627 108.923873416 -43750.4490974 14.31356701 -23021.1014074 9249819.8609 end
0.000109261786073 -0.188780196799 81.6065387806 -0.0921273661446 159.109032642 -68751.2531466 19.4415551723 -33562.3591604 14496282.7781 end
-7.60253380093e-05 0.140757717761 -65.1864883204 0.0626179788081 -115.882736209 53642.8655332 -12.8928200121 23849.1943968 -11034858.988 end
-1.09855035623e-05 0.022732437634 -11.7482700716 0.00912809864886 -18.8932434416 9766.57985177 -1.89702664598 3927.10626144 -2030238.65762 end
-0.000128492563579 0.00254350946832 0.11759516991 0.110208934603 -1.94419839669 -106.829889932 -23.6031561029 362.733059843 24259.9960323 end
-0.000206550203643 0.0370092187771 -1.58090258066 0.184222498603 -32.9906278311 1409.27086724 -41.0691627206 7351.07942468 -313964.09556 end
-0.000202629294315 0.0622202882795 -4.67846157521 0.182336659217 -56.0303627127 4216.18991592 -40.9667005013 12597.4153924 -948499.737903 end
-6.00257573624e-05 0.0287522281965 -3.44863075278 0.0541885875976 -26.0007933935 3122.89717583 -12.1920394822 5860.14272739 -704773.675023 end
-6.78949312517e-05 0.0406498345121 -6.0068875409 0.0614410508496 -36.8499804238 5452.10816395 -13.8844381737 8342.90076467 -1235944.1437 end
-1.09975778859e-05 0.00272185548162 0.410288777885 0.0108370647972 -3.13238964116 -250.261355532 -2.64625838783 856.599708432 29870.2118208 end
0.000243823682177 -0.19331852718 37.9410129349 -0.221816611809 176.035306128 -34588.1286693 50.3595270773 -40001.3126914 7868142.22286 end
1.56073710997e-05 -0.0170844559482 4.6253928285 -0.0120778620022 13.4607383373 -3698.69110157 2.28967589616 -2610.78148921 730635.492216 end
-9.49660237299e-05 0.101820681553 -27.2320172716 0.0888045036086 -95.2797329282 25500.511838 -20.7064789227 22231.4107366 -5953948.32335 end
5.68794409274e-05 -0.0694451386712 21.1872355243 -0.050378749827 61.5129359573 -18768.6928182 11.146902743 -13611.5415885 4153670.61208 end
3.38469216325e-07 -0.000127465868981 -0.0530362051517 -0.000384030557442 0.224570032201 9.96759010399 0.104724015753 -75.9477418101 6715.98739654 end
2.52690894559e-05 -0.0366581671555 13.2985423205 -0.0228145482092 33.0948388816 -12004.6188436 5.14635758116 -7464.73260892 2707616.60571 end
2.34791999207e-05 -0.0377619530477 15.1714330571 -0.0213544840381 34.3437002091 -13797.5871144 4.85155955018 -7802.39119665 3134706.25877 end
4.09892316176e-05 -0.0720358338086 31.563605191 -0.0382858956319 67.2677177396 -29467.6312246 8.92887080965 -15684.1829949 6869439.07489 end
1.02404981231e-06 2.30574000535e-05 -1.01009231796 -0.00153938350103 1.08960013686 412.201747225 0.491954999906 -507.027855198 24745.2784952 end
0.000112357354211 -0.222062328772 109.644095322 -0.100449881588 198.523212742 -98018.8689786 22.4439526849 -44355.6014737 21899688.1874 end
-0.00775132160291 0.692647055756 -13.8226567586 7.25083272789 -647.784136134 12925.9269125 -1695.65689656 151454.262458 -3021647.11795 end
-0.00577947300132 1.07586871892 -47.0237567097 5.39578473608 -1004.45957776 43903.9017952 -1259.3483291 234439.808956 -10247351.408 end
-1.05640798267e-06 0.00460718847112 -0.980094119283 0.00398002051287 -5.17780218327 977.079073606 -1.61007893841 1406.99359732 -241915.513899 end
-0.00163583371069 0.664798521649 -66.7988493365 1.5278462729 -620.823642998 62369.6621123 -356.721759453 144927.642555 -14557101.2109 end
5.72167417398e-05 0.00185494739401 -6.52734409368 -0.0547772463932 -0.89920274596 5982.84030954 13.103982208 14.6786310251 -1370265.56804 end
-9.99155053826e-05 0.151592007035 -37.129614992 0.0929013889388 -141.080095338 34567.3819846 -21.5902406294 32820.5820055 -8044692.32418 end
-0.000176007922347 0.0158125385867 28.4810163273 0.174155467289 -23.219361783 -24774.529607 -42.9615914423 7408.99798915 5355377.50167 end
-0.000212456502847 0.129909799678 -9.74506715086 0.188764183048 -112.295691704 7004.06422418 -41.8183198594 24110.7682354 -1145828.55882 end
-7.53146892137e-05 0.0323660352503 0.379887909019 0.0704287412767 -30.485336639 -253.787463096 -16.4263338877 7137.05271517 46642.315171 end
3.71990692703e-05 0.0364216618412 -37.5676260179 -0.0425561315014 -24.3057469514 32070.4272686 11.7550698412 3414.90104961 -6785837.73677 end
2.35983866635e-06 0.00607859233347 -5.92557141156 -0.00559868198811 -1.10165334073 3992.09805266 2.09808875332 -808.747189328 -572628.867918 end
5.65863782384e-06 0.0103306948577 -10.8318209172 -0.00629824835635 -8.10863846421 9531.55606833 1.70788350518 1532.68883178 -2088351.16543 end
-1.07341953329e-05 0.00795868999958 1.14963476071 0.0117763636627 -10.2334747662 45.4490708085 -3.15807364854 3042.70191239 -271551.605548 end
1.48021977941e-05 -0.000694311031624 -10.3609650361 -0.0121061205872 -2.27798215663 10921.0417293 2.42410079947 1217.41945573 -2841247.54434 end
-9.72528538112e-06 0.0051886254947 3.24522203426 0.00862240090679 -4.00107434334 -3418.38725164 -1.90423731472 734.422923378 889922.375773 end
-2.56182173426e-06 -0.0188357603076 21.3165779798 0.0107490034185 0.946390645455 -11625.1581067 -4.36743781296 3480.64998493 871818.311643 end
