-1.82534671153e-05 0.000833596294763 -0.018181957259 0.000717876185354 -0.0279130999459 1.34570726224 -0.00147314365325 -0.176507017507 95.5819098481 end
-1.21654143811e-05 0.00141453927466 -0.0449651834698 0.000491637765562 -0.0571838647257 2.39314096041 -0.004212738225 0.571685467898 74.1762436806 end
-1.17342027076e-05 0.00252398158075 -0.140171916341 0.000598118985356 -0.129861543887 7.77216155228 0.00180180002497 -0.236807412103 96.1537155752 end
-6.1426307871e-07 0.000179093488557 -0.0259165115516 1.14846742324e-05 -0.00262944206512 1.37042895156 -0.002925876073 0.709651602174 46.7267638495 end
-6.86704675134e-06 0.00275922417749 -0.285800704294 0.000337249467453 -0.138791836868 15.1929287987 0.00539924978436 -1.90643491512 252.285576128 end
-1.03161005746e-05 0.00469944329605 -0.540531990625 0.000857077716173 -0.387030293702 44.3589401894 -0.0119786147945 5.37971954526 -510.557126755 end
-3.05941017039e-06 0.00194732107245 -0.307998019828 0.00063153400847 -0.369471932375 54.3254251597 -0.0130067873643 7.57814160367 -1001.32956701 end
-9.95236184166e-06 0.00617926274633 -0.957679260422 0.000548440000613 -0.338989437501 52.6632610428 0.00143035548175 -0.961934001829 260.518732446 end
2.67596705496e-06 -0.00211354475813 0.405690564771 -0.00024030580337 0.186524629001 -35.0747367951 0.00205828313673 -1.84862277441 491.299834693 end
3.52702761011e-06 -0.00282306250221 0.55113579621 9.14124161527e-05 -0.0672604618993 13.5418523249 -0.00767260670967 5.94287479987 -1062.31309515 end
-8.95766435382e-06 0.00795203850403 -1.77247855087 0.000500871334598 -0.440684033399 97.994176348 -0.00648627811769 5.52963852975 -1091.24626839 end
-3.61794087242e-06 0.00327994263857 -0.749850029862 0.000309560218411 -0.284613535259 66.4431537286 -0.0010273610076 0.780452380988 -57.4916874305 end
-1.08451689006e-05 0.0113956223081 -3.00443730999 0.000752538566623 -0.79151055423 209.449529358 -0.0132518446569 13.9489696266 -3591.81133514 end
-1.95425360322e-05 0.0221212941536 -6.26545202713 0.00134312162176 -1.51355717606 427.368794585 -0.00854380024759 9.5898421591 -2608.14321579 end
4.74193600414e-06 -0.00600847143272 1.8846174035 -0.000289476411671 0.365468243218 -113.553953267 0.0104311412732 -12.7396327579 3967.67418087 end
3.25610125639e-06 -0.00422849362709 1.35307611437 -0.000713021970245 0.925147821845 -298.033871942 0.0192229880346 -24.9078227613 8141.38108119 end
-1.63549472561e-05 0.0232688639307 -8.27164674689 -0.00159387971565 2.07010252158 -669.478823743 -0.148311572068 201.308207165 -68225.7348141 end
-1.05233547365e-05 0.000635243481422 -0.0100821255564 0.00191439927695 -0.115829921573 2.10072558707 -0.104427380086 5.959237969 17.4902205719 end
9.34646555455e-06 -0.00112356996688 0.0286224168794 -0.0018222193616 0.217302906792 -5.21261603846 0.0834065482061 -9.88745623592 351.107192889 end
4.2245598221e-06 -0.000813233306022 0.0425321452024 -0.000786500215183 0.147236414795 -7.29422253073 0.0368894180943 -6.79941511885 451.472192408 end
4.50589455782e-06 -0.00151353323958 0.124415580577 -0.000832398321284 0.287287255453 -23.8259366819 0.0392267770453 -13.7594441934 1272.59750003 end
1.59640776322e-05 -0.00589652596609 0.538271075154 -0.00310933298087 1.14785852568 -104.336016258 0.14289360248 -52.7792771183 4911.32459643 end
1.69802753083e-05 -0.0078241731589 0.90125823709 -0.00318400783504 1.46265972962 -167.581248668 0.14264637397 -65.2387738325 7552.49450382 end
5.62236679844e-05 -0.0320445899753 4.52187281032 -0.0112938404573 6.38176856987 -893.827623464 0.544149962708 -305.624156929 42704.7114012 end
-2.90423203865e-05 0.0191052643433 -3.13134768572 0.00501439991136 -3.3293050419 549.049654779 -0.216142190519 144.310055703 -23753.7078994 end
-1.81068861074e-05 0.01172720754 -1.87956206142 0.00389982445891 -2.56620351316 417.241368013 -0.197608523837 131.467127563 -21476.7675584 end
1.44708466825e-05 -0.0125476671957 2.64312669259 -0.0021173763566 1.90602001916 -413.75453364 0.0812487068428 -75.4062335 16888.6157553 end
-6.1980162858e-05 0.0553684153492 -12.3602051243 0.0110579921334 -9.87641401636 2204.49094279 -0.487748703778 435.518478678 -97062.7259163 end
-3.16837025295e-06 0.00299183368372 -0.702800571674 0.000449629386286 -0.424086053647 99.5269579235 -0.00547007707081 4.87477317856 -943.415055913 end
3.27348254683e-07 -0.000184724003136 0.0112325436658 -4.15087789108e-05 0.0175346204545 1.64891941251 0.00680796682359 -6.0836476392 1458.68494384 end
-9.49685504116e-06 0.0107146315831 -3.01879505678 0.00201210820324 -2.27312800722 641.592574438 -0.102034271291 115.521405596 -32558.8952732 end
1.52963502624e-05 -0.0187019217091 5.71228759965 -0.00308561521515 3.77096978293 -1151.03772018 0.139588912579 -170.583438858 52184.2956796 end
8.76556083451e-06 -0.0116545662955 3.87097725671 -0.00128322696316 1.71762466356 -573.892185156 0.0387516687837 -52.4137829102 17802.501648 end
0.000224403492672 -0.303557020166 102.65460111 -0.0393668148268 53.2545241374 -18009.5791078 1.24413974801 -1683.83408921 569819.974361 end
-3.03172529475e-05 0.00147060183964 -0.0125410256302 0.00912865518839 -0.439423771051 3.92358432804 -0.690685260142 33.4786730651 -179.668302634 end
2.02186808873e-05 -0.00239884006218 0.0634243072244 -0.00597371642015 0.711623074497 -18.6537381076 0.439030325308 -52.3859979346 1503.06859178 end
-4.02885669027e-06 0.00101682476284 -0.0571990266621 0.0012591706379 -0.316716233612 18.1188792072 -0.0987670556816 24.6265840626 -1278.35128489 end
1.52141447516e-05 -0.00478443652237 0.372259394833 -0.00473339745373 1.48250204256 -114.645164078 0.361907609486 -112.845106016 8819.00992316 end
3.77362953337e-06 -0.00149831130646 0.146861711779 -0.00149981585545 0.588258069694 -56.8076565452 0.14678735018 -57.0643104827 5602.82411722 end
0.000175872472224 -0.0807836498719 9.23793694538 -0.0565580902274 25.9021566711 -2953.91774678 4.43589259202 -2027.03238337 230835.550922 end
0.000148292011661 -0.0845825362331 11.9872133427 -0.0517012213961 29.4134732824 -4157.93279922 4.39034753575 -2491.20349039 351385.26178 end
-8.60153149575e-07 0.00080535384844 -0.23200053299 0.000380493072872 -0.312272371138 82.483240717 -0.0644887307352 44.7478876128 -9380.1148032 end
-2.92822686376e-05 0.0231916433312 -4.56038522877 0.00859916248618 -6.88701069781 1368.46014193 -0.609385563183 493.23253673 -98907.4805883 end
7.98831320534e-06 -0.0068550604106 1.46994904722 -0.00201734860686 1.73745950551 -373.950641897 0.139200882599 -119.75664666 25779.4950666 end
-0.000269177808681 0.234928318614 -51.2003637151 0.0910643868801 -79.5771140583 17363.9098239 -7.51767630381 6579.29859887 -1437663.09296 end
-5.13220001621e-06 0.00519562976611 -1.33084560989 0.00159340043507 -1.60612070714 409.920170569 -0.11562560928 116.274298928 -29506.4591784 end
-1.49601867517e-05 0.0161054314152 -4.3417919503 0.00446122066685 -4.80914199975 1298.52102126 -0.330687771045 357.124996639 -96479.0572718 end
-1.18664961828e-05 0.0135522770457 -3.87060094812 0.00408961035866 -4.6635157574 1330.02921644 -0.350111096612 398.803254222 -113470.445691 end
-7.91962595568e-06 0.00978071019024 -3.01445800005 0.00238685922736 -2.95188275057 911.278544348 -0.177547517562 219.687697915 -67727.1589806 end
7.00939877546e-06 -0.00914898029237 2.98458670476 -0.00210107204689 2.7472364062 -897.561958665 0.166129934212 -217.292385118 71146.5846382 end
7.15568065567e-07 -0.000825772185332 0.229775863508 0.000602219847218 -0.871632515557 314.700220214 -0.25312309099 346.939941372 -118781.22123 end
3.6322176134e-05 -0.000881652073547 0.0246029015559 -0.0159648655083 0.395518688943 -12.1988455739 1.69032760586 -41.0084256354 1552.90252879 end
3.3458218811e-05 -0.00458121881695 0.165637304808 -0.0164544554751 2.22523781422 -79.6995547318 2.00954262822 -268.440249142 9633.91197308 end
-1.66522593083e-05 0.00340696780683 -0.155398923467 0.0075337237242 -1.54638040339 69.642027255 -0.855580555698 175.949159095 -7699.86415869 end
-2.37102027131e-05 0.00561272269142 -0.30838250979 0.0115560683694 -2.7677614307 153.883836248 -1.37253709808 331.769712831 -18469.5069137 end
0.000117321686172 -0.0443086509445 4.12785753234 -0.0510191735846 19.2585148846 -1793.45122321 5.52011744998 -2082.68062048 194039.750143 end
1.77250948536e-05 -0.0081681879396 0.945472692503 -0.00740221931778 3.45564322574 -405.805157838 0.959989178744 -454.152389634 54077.5285245 end
-4.40469670877e-05 0.0240389853091 -3.23285429513 0.0212393035876 -11.6177243361 1566.65879853 -2.52687238328 1385.51408401 -187218.87272 end
-2.43924650887e-06 0.00349361470146 -0.823325944569 0.00492880265042 -3.97944326798 747.351293919 -0.920826340337 676.154889951 -119421.229809 end
-1.91950815202e-05 0.0144319346859 -2.64562271651 0.0103155313062 -7.66717899769 1395.0324753 -1.31953247531 972.460298804 -175765.642127 end
6.91381823333e-05 -0.0561927114903 11.4104574803 -0.0309300869095 25.1234135738 -5098.27196463 3.4975371435 -2840.93331358 576532.025831 end
2.44233767628e-05 -0.021544852898 4.74627846855 -0.0107468660785 9.48243572984 -2089.33998108 1.18115843934 -1042.4690348 229767.411081 end
5.87988920013e-06 -0.00598575785673 1.5298607675 -0.00317573135305 3.21221460246 -816.073275557 0.37202335148 -375.315578289 95266.6000464 end
1.85489591261e-05 -0.0192145950209 4.97891973852 -0.00755819404488 7.80909279748 -2019.27266495 0.735728258194 -757.221515376 195285.734127 end
2.34999210506e-05 -0.0266667569082 7.55678785649 -0.0104746266078 11.9205029303 -3388.14383285 1.12792073029 -1286.28874937 366540.312254 end
4.52547280404e-05 -0.055203585616 16.8178034831 -0.020190975708 24.6228169409 -7499.29580487 2.21516923632 -2700.85731003 822591.334989 end
1.790676107e-05 -0.0227851086779 7.24948016391 -0.00758689184059 9.63572638849 -3060.25582322 0.834588654096 -1059.10145103 336255.757942 end
-7.98909313557e-05 0.107565983046 -36.1789637775 0.0425514209895 -57.3496789552 19310.7251291 -5.67183429683 7650.08617723 -2577977.06235 end
-2.7375826077e-05 0.00254152267766 -0.0411508273282 0.0162102635465 -1.4910141496 23.4852982983 -2.41108232143 218.776390874 -3274.02688437 end
-2.24303765223e-05 0.00271511198642 -0.0683917579332 0.0129057802047 -1.55781325745 38.7265638689 -1.85733079521 223.665676693 -5410.05998615 end
1.96368128134e-05 -0.0042837709533 0.225565299639 -0.0112496749782 2.46284249786 -130.292609071 1.61135823258 -353.960221286 18896.0528414 end
-1.02962579841e-05 0.00318295820319 -0.239487711084 0.00587994010548 -1.81811986571 136.78134518 -0.824893956501 255.237685243 -19124.9924667 end
5.77720612559e-05 -0.0214457337046 2.00040222505 -0.0335498270674 12.447398367 -1160.77858499 4.83893253462 -1794.65839619 167428.001663 end
9.34875059023e-05 -0.0429363132804 4.92889304839 -0.0574687774187 26.3971322944 -3030.60102865 8.83304902726 -4058.1152211 466032.36948 end
-9.121865191e-08 -3.49622076361e-05 0.00101957695398 -0.00117768118365 0.733143387481 -104.406948482 0.260427887915 -160.022018385 23419.763097 end
-0.000120481381545 0.0748117463255 -11.6003603712 0.0688654201522 -42.7616816306 6629.66206296 -9.65942159347 5996.92640422 -929297.720777 end
-2.31283766066e-05 0.0174500837455 -3.2721656637 0.013404819217 -10.1113248549 1894.60554569 -1.98772062471 1495.25658443 -279209.825533 end
1.70998907022e-05 -0.0143928547003 3.02529907219 -0.0105013425842 8.83773298291 -1857.44540627 1.67110091685 -1404.90718359 295016.736439 end
1.64836202404e-05 -0.0143298066319 3.10996837701 -0.00995903387392 8.65881556412 -1879.49752078 1.50079345736 -1305.22805243 283431.839004 end
-2.6309239911e-05 0.0255388803608 -6.18995472553 0.0164076640671 -15.9294800869 3861.17380467 -2.57881333552 2505.04835448 -607451.924279 end
8.77034297143e-07 -0.00146464806633 0.518846229571 -0.000630743675583 0.980668013578 -336.726874317 0.103041683921 -154.580252962 52301.0047048 end
1.33682845203e-05 -0.0142230053233 3.7571384929 -0.00786268463771 8.34288346977 -2198.11636741 1.15481948906 -1221.54889287 320945.002245 end
1.33101374946e-05 -0.0156904183092 4.6368099711 -0.00833517809883 9.85991406228 -2924.70203809 1.27957603075 -1517.93637268 451759.412375 end
5.84319103148e-05 -0.076173605857 24.8256541684 -0.0331055282195 43.1677910819 -14073.40208 4.6707784827 -6091.88669737 1986811.01354 end
-0.000122555172863 0.166496908091 -56.5285729467 0.0738450731226 -100.287586171 34037.5768827 -11.1574024104 15148.0129921 -5139551.12325 end
7.85259470316e-06 -0.0004234638829 0.00860545583611 -0.00562845335162 0.307440730744 -6.33032475284 1.00300649138 -55.0357240415 1204.65337501 end
-4.00760712443e-05 0.00479933042344 -0.134998352453 0.0284614640868 -3.39595802225 94.808509317 -5.02929062805 598.232206625 -16516.455211 end
-1.93671218493e-05 0.00417955588541 -0.2062041082 0.0139259105955 -3.00326035018 148.323564183 -2.49126699118 536.736971544 -26446.7379177 end
8.48256606186e-06 -0.00272717944913 0.226818477732 -0.00584177062834 1.88896775469 -157.6922499 1.00303778042 -326.055381899 27385.2026877 end
6.70747794908e-06 -0.00312063951611 0.352026031826 -0.00451640131594 2.12858218921 -241.607229172 0.744843240769 -356.975193527 40947.714231 end
2.73091596855e-05 -0.0128044485996 1.49821319586 -0.0181444025446 8.5014215153 -994.029704573 3.03022767428 -1419.36808233 165951.522649 end
-0.000253135977962 0.13755437626 -18.6222458183 0.17974264602 -97.7582595638 13244.8567423 -31.7863384694 17304.8530761 -2346546.98183 end
6.95356437158e-05 -0.0416806885598 6.16573804073 -0.051762071553 31.1391471531 -4628.80527909 9.56656398944 -5773.92802291 862141.124361 end
-4.07260750344e-05 0.0294770779078 -5.30517326394 0.0295893501896 -21.36913199 3836.80631139 -5.35679850933 3859.50962089 -691148.338989 end
-3.78623179572e-05 0.029597325249 -5.75719987631 0.0248712207847 -19.4097838874 3768.25787456 -4.03788571987 3144.15186417 -608790.354326 end
1.40863773956e-05 -0.012502789444 2.77236253595 -0.0100642688189 8.93500653129 -1981.72092007 1.8017850188 -1600.06598939 355007.36468 end
2.66232543923e-05 -0.0259965104204 6.33402833394 -0.0174638907872 17.0690593242 -4162.60950178 2.83837168041 -2775.87795745 677373.377496 end
5.36498879257e-05 -0.0562487926293 14.7244079713 -0.0378681157234 39.7067702919 -10395.3038163 6.64377667685 -6966.95535564 1824197.77621 end
9.16854646345e-06 -0.0103330280211 2.90683016513 -0.00657683364305 7.40628328391 -2082.05626062 1.18040371828 -1328.18518588 373187.820272 end
-2.44078222166e-05 0.0293404924151 -8.81039119038 0.0173200543654 -20.8106700619 6245.82884781 -3.05314127642 3666.75692865 -1099844.62005 end
-3.01416206082e-06 0.0044497136843 -1.6216699055 0.00218891731993 -3.21760224268 1168.73824222 -0.383333793096 563.373725853 -204543.637282 end
-0.000254599348779 0.346752034297 -118.056714237 0.183637366402 -250.134100386 85171.3116147 -33.1657298924 45178.7009763 -15384485.1319 end
2.29794509237e-05 -0.00164660644673 0.0104771471844 -0.0185580665257 1.34409833907 -8.04266167383 3.73407215235 -273.053342221 1585.29818755 end
2.90861172373e-05 -0.00347761548166 0.0766076870325 -0.0237763710814 2.83543799974 -61.4256134753 4.86515606691 -578.345863792 12389.1137904 end
5.11110637002e-05 -0.00989802345144 0.457550219903 -0.0414900586952 8.00421009366 -368.084768217 8.40277411161 -1614.80477711 73950.6839435 end
1.8215845691e-05 -0.00565212611448 0.440698386126 -0.0147228271934 4.54375015888 -353.464456522 2.96938831022 -911.409885736 70820.5778125 end
1.33935845024e-07 0.000354031069854 -0.0710934403696 -0.000430699164043 -0.168145311931 45.4985408384 0.141629378659 13.8074710356 -7001.33892847 end
2.18416238238e-05 -0.00963418228278 1.05686828074 -0.019272846165 8.55998819896 -946.620591417 4.26803845611 -1908.68602124 212778.546045 end
-5.03844222835e-05 0.0289878167089 -4.1079672374 0.0415936118077 -23.8711596269 3376.19418588 -8.55073987809 4896.71011738 -691312.231431 end
-1.8208953368e-05 0.00956497276488 -1.18816193516 0.0167942869083 -9.03668917651 1166.76892029 -3.89209427303 2142.05957284 -285981.243301 end
-1.84466156436e-05 0.0135297043278 -2.48939436552 0.0145846893422 -10.7035456236 1972.99572952 -2.85085139728 2093.95202936 -386713.6356 end
2.17576215165e-05 -0.0173225664339 3.43244348378 -0.0184953093363 14.7152562865 -2912.5020716 3.84892336483 -3061.96741559 605774.832776 end
-3.01735502321e-05 0.0266796961151 -5.89072584656 0.0247679699581 -21.8955349406 4834.10816944 -5.05198215794 4465.13646683 -985707.674043 end
-5.49436672859e-05 0.0542095511204 -13.3445726275 0.0446901863627 -44.1486221051 10880.6672397 -9.01665319391 8920.46531733 -2201458.50923 end
-6.03151373907e-06 0.00685623392586 -1.91788982419 0.0057157919851 -6.40718240868 1771.8898542 -1.33531221573 1480.8756031 -405825.890051 end
-0.000127009266701 0.142930967234 -40.1611650662 0.104933563635 -118.076955406 33174.9507331 -21.6140096958 24319.1637074 -6832123.13221 end
-1.05011410197e-05 0.0136624454256 -4.44798987676 0.0095340253138 -12.3578395551 4008.63839398 -2.13717810183 2761.44290281 -892903.176624 end
-2.59483308851e-08 0.00125704517804 -0.812683722654 -4.34108226675e-05 -0.979541642152 660.567278026 0.0525535588177 150.310547379 -120978.097797 end
-8.77760963045e-06 0.0109425050795 -3.38386537528 0.00305948743284 -3.32057201004 844.736199586 0.0451169851448 -240.62691882 142551.129481 end
-2.78023637361e-05 0.00147676427431 -0.0139026970666 0.0265238290106 -1.4029205506 13.14618336 -6.34413917602 333.895669665 -3034.7822905 end
-6.4841003673e-05 0.00752458103444 -0.212993264982 0.0621586389152 -7.23287601797 205.356965749 -14.8456736393 1732.35748977 -49263.2975641 end
4.61257573517e-05 -0.00845279093436 0.343949219698 -0.0447277663484 8.23084519475 -337.440499633 10.8095885342 -1996.52462025 82485.668749 end
-9.26587510125e-05 0.0263406217688 -1.85455874344 0.0868848167439 -24.6877543095 1737.76217989 -20.3049663909 5765.84803737 -405607.224388 end
-1.94698686467e-05 0.00921352864543 -1.05190460116 0.0191167767082 -9.00584065491 1024.57513739 -4.67159311534 2191.82119869 -248508.566699 end
-5.17999713623e-05 0.0243697712788 -2.837510842 0.0483898792275 -22.7011618976 2636.87108177 -11.2671897282 5272.19718429 -611015.683117 end
5.03800578696e-05 -0.0275894907745 3.75627313366 -0.0462802535778 25.2847219349 -3432.71944365 10.5143263286 -5727.70462533 775064.239641 end
-1.10499535867e-05 0.00747572937446 -1.25847140283 0.0107897033424 -7.28615778646 1224.76614051 -2.63233218641 1774.23027367 -297594.845214 end
2.88379878002e-05 -0.0204698084397 3.62842613365 -0.0275741445424 19.5665740376 -3466.96619221 6.56428092384 -4656.52009027 824944.758327 end
3.40021068477e-05 -0.0270950527219 5.39126652873 -0.0318356823495 25.3594858962 -5044.13877804 7.36886326268 -5870.09995314 1167801.44027 end
6.23707467429e-05 -0.0539349517528 11.6710295673 -0.0583984220671 50.5008467013 -10928.1401144 13.6437202306 -11799.0386849 2553422.77833 end
1.07272982056e-05 -0.0130010744906 3.78002239319 -0.010994471322 13.122611555 -3774.6198166 2.79260415994 -3289.55547607 937353.206347 end
-2.76332453073e-05 0.0305453014337 -8.42188070747 0.026112950374 -28.9355061647 7995.81018872 -6.13441165624 6815.61569806 -1887876.57131 end
-3.4323785693e-05 0.0373721164593 -10.1559790816 0.0350150568819 -38.2154219833 10409.8319633 -8.89795218585 9733.25780097 -2657270.91219 end
1.48959376119e-05 -0.0187891150484 5.86943469279 -0.0145492266217 18.3598173735 -5739.34415146 3.54593464574 -4476.39623757 1400342.63836 end
-9.72789096944e-06 0.0136650971391 -4.78946774174 0.00931331916338 -13.0540055399 4567.03155889 -2.24759339057 3141.04639616 -1096053.60332 end
-8.45485969609e-06 0.0114852591005 -3.88305644916 0.00176037480882 -2.40356362113 804.60010009 0.953264584165 -1289.93848034 440056.039701 end
3.94518195311e-05 -0.0021043205201 0.0137450690068 -0.040421659367 2.19081655039 -14.7387679403 10.3089814075 -567.869336561 4000.37459239 end
3.85384607602e-05 -0.00473676254303 0.126298956918 -0.0428688317582 5.27434947416 -140.913362714 11.8940458049 -1464.49217205 39281.1145087 end
1.2840048418e-05 -0.0023638933739 0.0986433993771 -0.0150746383397 2.79021915662 -117.643934255 4.37446636513 -812.852349539 34626.6408533 end
-0.000173027212313 0.0516231175571 -3.80048080455 0.19088536126 -56.902414503 4185.11134577 -52.5926673678 15663.4581745 -1150805.94848 end
5.52767136028e-06 -0.0022517538109 0.228657654333 -0.00507620771792 2.11112699997 -218.005870766 1.13311775985 -484.29812779 51119.1366423 end
9.5631317174e-06 -0.00211077693802 -0.00978249447535 -0.0101599131304 2.09163339388 43.8210089215 2.70267614068 -515.103959473 -20730.5919735 end
-5.16534818449e-05 0.0272624592407 -3.568909804 0.0560141934249 -29.5422876419 3861.78047492 -15.1788550351 8000.32413008 -1044269.61299 end
3.19011508504e-06 -0.00256015896819 0.446706054394 -0.00314961044202 2.57534643671 -454.257229135 0.759642452658 -636.69326415 113959.042826 end
2.64592463638e-05 -0.0180742545566 3.02623839579 -0.0296411082418 20.2721177482 -3402.99772693 8.25740158425 -5653.49522025 951390.48263 end
-2.02693629436e-05 0.0166171286556 -3.40317868761 0.0220764257721 -18.0668268114 3691.63576045 -6.00459573717 4903.32667701 -999112.109798 end
-5.13756419238e-05 0.0466639090595 -10.534665344 0.056795136024 -51.5381724283 11624.344114 -15.6734180478 14209.7496543 -3202051.24509 end
6.18548693018e-05 -0.0609674861178 15.0301481024 -0.0677399725237 66.7587267305 -16455.2940567 18.5157164524 -18245.6282951 4496860.08735 end
-2.90741200104e-05 0.0305691355722 -8.01947236868 0.0318948621341 -33.534381739 8797.40255473 -8.71946227143 9167.44614756 -2404941.15344 end
-9.21168416341e-06 0.0104158862134 -2.94403761357 0.010186496468 -11.5160457275 3254.36761445 -2.8143915469 3181.42740448 -898928.541261 end
2.91322309199e-05 -0.0366081718362 11.4771398334 -0.0304922945364 38.3736706395 -12047.1951448 7.94098614672 -10009.1999465 3146980.4833 end
3.9611543697e-08 0.00154175908364 -0.999691883827 0.00119450505925 -3.3099233641 1625.13797425 -0.657849165597 1339.83712459 -586787.481348 end
2.66968237615e-07 -0.00245522504279 1.56376374054 0.000624411844965 1.44338178244 -1290.39773361 -0.291095750038 -230.585514991 297230.779777 end
-4.29863502395e-05 0.00156797160428 0.00485273508925 0.051803326809 -1.85949171032 -5.77957416354 -15.5370707982 548.70636537 1788.04922882 end
2.81067085785e-05 -0.0031722702954 0.0828309601153 -0.0337230976368 3.79491236798 -97.8112333841 10.0952277046 -1132.1864773 28869.5360973 end
5.95691726411e-05 -0.012679538588 0.65986169201 -0.0722548777559 15.336024656 -795.642801534 21.8519641157 -4626.28164264 239420.748323 end
-3.65097080591e-06 0.00141013160079 -0.123423250751 0.00459892990952 -1.75954779339 153.244748262 -1.44428373799 547.575991366 -47417.003824 end
3.21750103095e-05 -0.0123021165321 1.17715785628 -0.0394069628615 15.0533943744 -1439.22256858 12.0442390676 -4596.43206027 439112.77351 end
-1.35037832057e-05 0.0061637456843 -0.699953149004 0.0159908544576 -7.30213562348 829.329417069 -4.73234513517 2161.96252685 -245525.918246 end
-2.7164562181e-05 0.0148502824412 -2.01928963234 0.0335346505386 -18.3507833775 2497.23334504 -10.3559693114 5672.70532809 -772532.128948 end
-5.04376831542e-05 0.031239907728 -4.81856568899 0.0602376578533 -37.2871328501 5747.02648645 -17.9664333878 11114.2943125 -1711655.03975 end
-4.73959575276e-05 0.0345621370999 -6.28240494018 0.0581053571004 -42.3649459885 7699.07728466 -17.7991916398 12974.4905547 -2357164.6663 end
4.27671780056e-06 -0.0039601247581 0.899333721405 -0.00585191658296 5.34462587684 -1200.91719316 1.98788096779 -1794.1606665 399411.194681 end
-1.0848564264e-05 0.0107978901667 -2.63896535488 0.0140430299728 -13.8761060577 3372.12750853 -4.51347201053 4432.32581207 -1071861.45705 end
4.30389148176e-06 -0.00543287913912 1.60619583769 -0.00607118211656 7.40225664222 -2141.94751786 2.08859640962 -2479.99258683 705431.744998 end
3.00840285719e-05 -0.0307258252335 7.82053367626 -0.0363323247148 37.1060919533 -9444.70188531 10.974941123 -11209.5013445 2853634.09014 end
-3.70410568768e-05 0.041691481514 -11.7229650919 0.0447317726917 -50.335741482 14149.9989416 -13.4788427611 15163.7726486 -4261589.47548 end
1.48985011845e-08 0.000477212944241 -0.287045541381 -0.000859259352646 0.418959484556 52.6059819632 0.536105359405 -454.242905337 81123.5518334 end
-1.65070595749e-05 0.0222758125631 -7.48733625581 0.0186754053132 -25.2515813762 8501.97651303 -5.27543845482 7147.83377867 -2410808.23689 end
0.000400629655229 -0.544155422323 184.778038648 -0.489236251206 664.478578198 -225626.64161 149.274760763 -202736.128126 68837157.8372 end
-3.11920438923e-05 0.00119598547933 0.00202201120537 0.0416153480395 -1.59592945528 -2.95360588254 -13.8361705392 530.22655532 1157.02411175 end
3.79325462388e-05 -0.00364158364257 0.0850371824042 -0.050164898644 4.78615841787 -111.611075116 16.571699843 -1571.23271304 36662.1211958 end
1.36081623093e-05 -0.00386751939497 0.26870514709 -0.0191065409534 5.39367496716 -372.584346419 6.70003562737 -1879.12912075 129129.198324 end
2.51038121531e-05 -0.00754102435274 0.550279587379 -0.0333252361586 10.0147772043 -730.847950823 11.0335532641 -3317.19221737 242144.96342 end
-6.90961489337e-06 0.00295043073583 -0.310039430036 0.00902327134864 -3.87629793124 409.278089558 -2.94345714214 1272.08453145 -134904.552814 end
-3.5618096804e-05 0.0162109993294 -1.8354656888 0.0481025384119 -21.8911997561 2478.22905697 -16.2314880067 7386.34773331 -836042.120818 end
-1.53147548107e-05 0.0084654689666 -1.16539670418 0.0209687953264 -11.5758808071 1591.51072049 -7.15546473773 3945.73549854 -541813.651687 end
2.60387389922e-05 -0.0166794887637 2.66256568699 -0.0344194267735 22.0411712236 -3517.59107115 11.354109626 -7269.00799792 1159896.26094 end
-1.57481469283e-05 0.0110078536799 -1.91711112949 0.021001036281 -14.6594684402 2549.17992393 -6.98947652799 4871.74636198 -845748.127793 end
-2.54554907073e-06 0.00218765851111 -0.464693791929 0.00320145231131 -2.76922456381 591.313037946 -0.998077471313 869.839350981 -186827.948347 end
3.42462334653e-05 -0.0303556680112 6.72245395332 -0.0466568191283 41.3285601083 -9146.63435976 15.8640133122 -14042.87424 3105940.25921 end
-1.39186221599e-05 0.0133451012697 -3.18333703935 0.0189119668696 -18.113862226 4316.1341896 -6.41726347275 6140.13565888 -1461442.38974 end
8.93834785525e-06 -0.00929214868962 2.41544321146 -0.0115419880551 11.9888630675 -3113.87993229 3.71545507119 -3855.85081358 1000620.91545 end
-8.86056098085e-06 0.0100335459046 -2.83926931744 0.0122152279834 -13.8296287189 3912.63165862 -4.1977571816 4751.94829054 -1344182.36482 end
-4.13713729995e-08 -8.45029681078e-05 0.0721632222183 0.000321950636785 -0.212617010167 2.74989601305 -0.191756500742 173.90311545 -32245.2477115 end
-2.84188437643e-05 0.0372249116032 -12.169874056 0.0385321216 -50.464801155 16496.1334622 -13.0614786721 17104.5057577 -5590562.61355 end
-1.55843800048e-07 0.000485251632139 -0.245788133863 -0.000407947280573 0.198178581642 37.6423224842 0.377639859955 -397.535164106 101201.008102 end
-2.29796125373e-05 0.0013630079157 -0.011583456168 0.0348152684765 -2.04368576602 17.0193487205 -13.131099506 762.649118123 -6158.29460453 end
-4.79872109149e-06 0.000585259766388 -0.0164759973508 0.00836258735011 -1.01150482508 28.2446137088 -3.53569490333 425.011680755 -11748.5407781 end
-1.01612578918e-05 0.0015039736749 -0.053128167016 0.0141946680141 -2.04683416865 69.970763484 -4.96977613044 697.859131063 -22993.8203166 end
3.01648037121e-05 -0.00831441729855 0.560745676436 -0.0439597226489 12.1178960302 -816.540110678 15.9842513256 -4406.38670602 296684.753058 end
7.16183850606e-06 -9.17243233533e-05 -0.179134876165 -0.00837448451174 -0.641355867066 334.159677187 2.30050583425 514.842139629 -148160.030183 end
-1.85588249799e-05 0.0078267562709 -0.727996027608 0.026932506563 -11.376406967 1060.97107257 -9.77698585762 4136.73854292 -386863.778731 end
2.17535423927e-05 -0.0133167521357 2.03646579261 -0.030634828368 18.796694429 -2881.11009902 10.7618746656 -6619.65884364 1017202.80293 end
9.13906638684e-06 -0.00599488822368 0.980997277432 -0.0132947469287 8.7306474987 -1430.43416119 4.83200741007 -3176.99113909 521229.570371 end
-1.48978987354e-05 0.0106990266357 -1.91666578437 0.0217864526422 -15.6458547493 2802.75597125 -7.9592443095 5715.75855902 -1023832.55485 end
-5.09170963498e-06 0.00417869606215 -0.855546462026 0.00803713565899 -6.58059281357 1344.22632142 -3.15043930536 2574.18666376 -524745.343457 end
-1.25971944268e-05 0.0110963009725 -2.43759468843 0.0186814508731 -16.4502493437 3612.53811529 -6.92201792272 6093.20007986 -1337610.05669 end
-6.81811736548e-06 0.00668142281757 -1.63650188227 0.0100171625505 -9.82037336841 2406.30391598 -3.67554968281 3605.04412201 -883737.438084 end
-6.36894183712e-06 0.0065462012893 -1.67550973039 0.00958682942277 -9.8672435464 2529.26528275 -3.60863635866 3719.11372675 -954647.276942 end
-1.02362488422e-07 0.000184635922317 -0.0723232658902 4.93687960926e-06 -0.109867760756 61.4528158039 0.0678401269552 -37.1749752703 -966.480663557 end
5.54620403769e-06 -0.00682402976943 2.10103924158 -0.00854471084481 10.5075793867 -3233.29497181 3.28257926361 -4034.42060541 1240754.13073 end
-1.88158689177e-05 0.0245378527645 -7.99320261407 0.0279374492377 -36.4449059821 11875.3953104 -10.348182437 13504.3204783 -4401765.70955 end
-4.61489875214e-07 0.000576519240348 -0.184828813473 -0.000847568942957 1.24797458827 -447.960062296 1.1553151919 -1611.72001988 558733.332593 end
-1.39464769623e-05 0.000248314723419 0.00136816661081 0.0219542210105 -0.390949343293 -2.28765621099 -8.57612065487 150.385033725 1035.37086303 end
-2.30563938287e-05 0.00328304833095 -0.115188001006 0.0361946129447 -5.17344236259 181.797852331 -14.1706224536 2033.7375284 -71562.1373844 end
-2.10562480682e-05 0.00411892625983 -0.196587788742 0.0336172708259 -6.57619266323 313.000973353 -13.4259039681 2626.8470835 -124657.692356 end
2.65471867057e-05 -0.00835440219902 0.651110102847 -0.0436048084512 13.7047065178 -1067.48830949 17.8766108445 -5611.67928921 436927.859589 end
-1.89773133709e-06 0.000790953234717 -0.103708800682 0.0048036114353 -1.97995136967 235.905355574 -2.6716638677 1095.96971851 -124134.176471 end
-2.20213291575e-05 0.00959928065367 -1.0440776102 0.0345022990689 -14.9857638087 1622.4882414 -13.5125316584 5847.74275605 -630024.414324 end
-3.24182470495e-05 0.016539589259 -2.1267774454 0.0519618967232 -26.491992879 3403.84785955 -20.815107176 10604.6351341 -1361301.87318 end
0.000110627633335 -0.0697007939715 10.8841565556 -0.177038356491 111.568704799 -17424.4846101 70.825676287 -44645.5899788 6973915.81653 end
-0.00010505783619 0.0764310019498 -13.8458067074 0.168001520541 -122.2785906 22162.8594925 -67.1070588851 48864.2110796 -8860929.67707 end
-2.56471240998e-05 0.0204282244115 -4.01229517609 0.0391887197937 -31.2048945355 6124.72509814 -14.9474091222 11898.353813 -2333597.543 end
1.61048820976e-05 -0.0148868726837 3.45990006229 -0.0254911132723 23.5830830246 -5484.49453654 10.0822018492 -9335.18151986 2172352.769 end
-1.27658409028e-06 0.00094148714606 -0.132861349767 0.00217187407954 -1.6539492657 254.547770686 -0.917483102204 717.643412919 -117850.986096 end
2.37411989852e-05 -0.0258687331733 7.04068885577 -0.0369521757896 40.29337246 -10974.4387553 14.3699265704 -15681.369027 4274222.93053 end
5.25625125435e-08 -0.000113186247887 0.0424241803697 -5.45705097012e-05 0.163957923115 -67.4209205765 0.00343255916833 -50.6629854163 24361.8628933 end
-2.81832002668e-05 0.0341965705544 -10.3715381331 0.0456537968696 -55.3999595287 16803.8106048 -18.4696813752 22414.6898316 -6799348.97483 end
2.94514850871e-05 -0.0383740615427 12.4946476038 -0.0470444225476 61.2913540152 -19954.8432522 18.7686494869 -24450.0497939 7959556.98129 end
-4.9895068225e-06 0.00633252257474 -1.99536246714 -0.000485285201759 1.34254580483 -694.342795438 3.55357330695 -5087.45759508 1818691.36458 end
1.98861488123e-05 -0.00142014768856 0.0202332111325 -0.0347170951092 2.48188311224 -35.6442688511 15.1742107354 -1085.58231588 15735.7523616 end
-8.89577607459e-06 0.00120496310665 -0.0413985332032 0.0149111841313 -2.01769700849 69.4246885852 -6.23078567414 842.245157279 -29006.1123926 end
6.28485745492e-06 -0.00117583921601 0.0504203537231 -0.0107715616262 2.01206849941 -85.9446251613 4.60946687611 -859.644351358 36595.8912278 end
-0.00012945716699 0.0367320317686 -2.58459329959 0.224981848169 -63.8238927584 4490.24873113 -97.6249485581 27690.0018561 -1947837.3055 end
4.29319196235e-05 -0.015382741702 1.33098594297 -0.0741779327573 26.5498059522 -2294.1415914 32.0378898394 -11453.4922857 988346.102186 end
7.44682110495e-05 -0.0332268748774 3.6750562448 -0.130192436132 58.0913345708 -6425.74863733 56.8723711583 -25377.9929109 2807694.23419 end
4.4953531606e-05 -0.02520633425 3.51503744616 -0.0769624169219 43.1625256471 -6021.23916971 32.9251108386 -18468.4073123 2577372.96354 end
-0.0001120928208 0.070223259073 -11.0063543688 0.193955024782 -121.490059411 19037.9111321 -83.9025383569 52547.0962055 -8232559.5519 end
-6.70161449224e-05 0.0506208497558 -9.51355328168 0.115527860859 -87.2733471522 16403.1649916 -49.7796052163 37608.0625973 -7068800.63603 end
4.50465409135e-05 -0.0358329875525 7.11772858172 -0.0777419590398 61.8475221144 -12287.2740838 33.5317536617 -26679.3929002 5301468.54193 end
7.40573849046e-06 -0.00704694212263 1.6549482122 -0.0121581539321 11.6177297328 -2738.19216113 4.98209002577 -4782.10259342 1131470.48055 end
4.7682811125e-06 -0.00495548139296 1.28568662597 -0.00779605727788 8.14814104288 -2125.39722085 3.1645237667 -3329.49437444 873933.951334 end
4.0010606054e-05 -0.0421378021297 11.0839575568 -0.0689181791431 72.5979685916 -19100.6590704 29.6518647539 -31242.5650253 8222099.48853 end
-6.76744016526e-06 0.00780567742203 -2.24590783913 0.0116754976953 -13.4698287856 3876.35386407 -5.02917465665 5803.69260329 -1670557.60477 end
-1.34894529923e-05 0.0162997853663 -4.91845237042 0.0228783555006 -27.6394693996 8338.37805986 -9.68589184904 11699.3895927 -3528728.24167 end
-8.56058188943e-06 0.0108140669457 -3.41325937712 0.0143212908133 -18.0727241725 5698.29453459 -5.97651805632 7534.11979522 -2372876.45222 end
5.23457260684e-07 -0.000369811479963 0.000556599112198 -0.00261379885747 2.95489573621 -785.315711887 1.68235158639 -2025.40479443 592737.905709 end
6.41371453682e-06 -0.000372301660575 -0.00167054925082 -0.0120462107995 0.699324418304 2.99145291626 5.67345194669 -329.301228811 -1303.70717843 end
2.27485905328e-05 -0.00266157159557 0.0665643220717 -0.042004839156 4.91234291569 -122.773569428 19.3797811611 -2265.48107364 56606.2724311 end
1.28953319729e-06 -0.000220244680431 0.00595520726092 -0.0025770573624 0.448829652513 -13.1881308476 1.28300566415 -227.2045136 7147.02093814 end
3.60269140686e-05 -0.00999070692271 0.690439735002 -0.0671643406337 18.6155396805 -1285.96945052 31.2961751581 -8669.36524748 598653.382158 end
7.31174585536e-05 -0.0282612084633 2.72856645683 -0.135810153149 52.4594790751 -5063.03251365 63.0121083428 -24323.2774932 2346647.72725 end
2.20792917633e-06 -0.00213663478239 0.392162500817 -0.00500714780687 4.41366216684 -783.635045647 2.77197814749 -2268.2603922 390961.966951 end
8.06098205706e-06 -0.00468961771293 0.675079549633 -0.0152857741455 8.88519907658 -1278.56714665 7.24632040234 -4208.36398149 605365.721788 end
3.74665367725e-05 -0.0234755780897 3.66378908906 -0.0691395875192 43.3166534581 -6760.10984038 31.8731873073 -19967.0851454 3116085.67746 end
4.28982496532e-05 -0.0305690260603 5.44396113288 -0.080132487355 57.1074631577 -10171.6105338 37.4138200398 -26666.1757012 4750347.68933 end
3.52406312472e-05 -0.0279052855019 5.51938890735 -0.066005914601 52.2736993804 -10340.785632 30.903969713 -24478.0079572 4843033.07482 end
4.14762382628e-07 -0.000369687276234 0.0865887059988 -0.000778625622695 0.691240590923 -161.392642895 0.367380325109 -324.96573098 75645.9962643 end
-6.00663035514e-06 0.00575236203279 -1.3715588181 0.0111017959142 -10.6291030005 2533.45776971 -5.12737446795 4907.76460525 -1169343.55359 end
5.62652282455e-06 -0.00588023295427 1.53503809098 -0.0104610021504 10.9340554338 -2854.76893706 4.86084271719 -5081.34871081 1326913.74291 end
-5.65491125876e-06 0.006191765266 -1.69231885043 0.0105174593272 -11.5180774522 3148.63874692 -4.88207980684 5347.4604788 -1462026.37868 end
-1.99528583676e-05 0.0242709339618 -7.37973842067 0.036333410128 -44.1980498885 13439.2277287 -16.5353403327 20115.3877498 -6116706.03216 end
1.43329091646e-07 4.40595926943e-05 -0.0891640038063 -0.000189565351498 -0.180783838776 197.326319318 0.0549588162523 126.73305882 -105342.828381 end
2.53799699504e-07 -0.00100364120108 0.563245941138 0.000250313383663 0.856504489907 -694.922093735 -0.611536153261 287.554118352 85878.5324093 end
3.90164075886e-05 -0.00189151607097 0.0233560872907 -0.076843910119 3.72546977009 -46.1003573977 37.8473062258 -1835.02090113 22771.7391572 end
1.64089889151e-05 -0.00199298903279 0.0598164714804 -0.032798380163 3.98632727191 -119.709690277 16.3876563222 -1993.06323105 59897.9289706 end
-2.33896795619e-05 0.0046070921387 -0.219085514777 0.0463558228186 -9.12591938595 433.698424483 -22.9552915346 4516.71722629 -214496.591823 end
2.81816895672e-05 -0.00770275022641 0.519536457753 -0.0557713948187 15.2386591197 -1027.36478366 27.5803560475 -7533.28957193 507667.494789 end
3.71533422582e-06 -0.00139474053648 0.138748139456 -0.00713694920268 2.68040563393 -267.383182066 3.42286792248 -1286.25094161 128715.986026 end
1.85094178117e-05 -0.00872558331903 1.02710620445 -0.0368464724425 17.3737263621 -2045.49578947 18.3309803888 -8645.17200914 1018045.26526 end
7.32483227828e-06 -0.00361705302034 0.447691827536 -0.0144362438511 7.1238571131 -881.048866291 7.09665441274 -3498.98386974 432342.560237 end
2.89311276796e-06 -0.00193701364224 0.33015976189 -0.00570594755569 3.82365132449 -652.237645109 2.80714696473 -1883.08130215 321535.593661 end
-4.8591897994e-06 0.00348156274403 -0.617411064537 0.00957959809633 -6.86366258374 1217.20081814 -4.71590606138 3378.81288323 -599181.576936 end
-2.0164851227e-06 0.00151569592711 -0.277462579109 0.00409184496393 -3.07999506941 565.163510351 -2.06802656746 1558.51704388 -286552.518758 end
-4.25372607735e-06 0.003949950535 -0.908479549974 0.0084503013154 -7.84478611265 1804.00617085 -4.19200062759 3890.63121235 -894553.961185 end
5.45835848956e-08 -5.08428040873e-05 0.0158097149018 9.50760584144e-05 -0.0960190390815 16.2784434905 -0.148526113078 145.769304967 -31819.0205713 end
1.15910857101e-05 -0.0121980794016 3.20999886691 -0.0229711559132 24.1731289826 -6360.99937729 11.3728939077 -11967.5347741 3149041.83904 end
-3.60224624635e-06 0.00405618398829 -1.13882958334 0.00707182627381 -7.96192845088 2235.07832126 -3.46743373732 3903.36733741 -1095584.92429 end
-1.9115576796e-05 0.0231670239639 -7.01653832452 0.038456144582 -46.6095251801 14117.2214277 -19.3377261899 23439.2172848 -7099726.30889 end
-1.32768743708e-05 0.0173078385648 -5.63598247393 0.0264044562237 -34.4216322199 11208.8855689 -13.1208916168 17105.2188581 -5570144.2941 end
5.9793086774e-06 -0.00525287412099 0.818052780711 -0.00586148195043 2.35089001866 1090.0279956 0.0321537849594 2698.72709448 -1839197.67562 end
