4.60935215475e-07 -3.1508251769e-05 -0.00157856322863 -0.000106051038377 0.0088258703694 0.407567761357 0.00397862078115 -0.386788690585 103.832575372 end
7.15506674528e-07 -0.000172194703626 0.00841502551881 -3.3471821421e-05 0.00749606407141 0.142629082921 -0.00219175411913 0.5634833184 59.2620993872 end
-1.10064028418e-06 0.000460914246923 -0.0478431651463 0.000157511036894 -0.0668153720878 7.41175767904 -0.00309341057193 1.37288129062 -56.8445638483 end
1.9322897749e-06 -0.00130694268449 0.207595073255 -0.000171063678333 0.112521332068 -17.1637600278 0.00157778122315 -0.995532318111 246.29684608 end
4.165396347e-06 -0.00314661535843 0.574725913745 -0.00035676650541 0.274029894381 -50.595029699 0.00675347668923 -5.31634363092 1119.87885966 end
-5.05849107925e-07 0.000464321705155 -0.109707783287 4.36113842497e-05 -0.0395092950632 9.70572122962 0.000203959363739 -0.300191285703 181.541617641 end
-6.90069828263e-07 0.000749269963098 -0.205915940224 7.18567334215e-05 -0.0774274135349 21.5728861346 3.69864341788e-05 -0.0253736811736 88.4811069825 end
9.37386069378e-07 -0.00119897860707 0.379215031552 -9.22854677055e-05 0.118000864288 -36.8126185492 0.00132684709597 -1.66167007917 607.319538225 end
-4.69174555969e-05 0.0652589285615 -22.6849073125 -0.000958244802957 1.11089498924 -311.450489649 -1.08878576505 1488.38092393 -508565.752378 end
-2.34598645971e-06 0.000234409558908 -0.0112148937244 0.000827167769031 -0.0796796193497 3.52946688398 -0.0755450411762 7.25111340096 -146.593209873 end
2.85421692813e-06 -0.000684593648823 0.0281719282578 -0.000933112595564 0.225106987181 -9.13508497678 0.0762689945142 -18.4909862659 895.476160759 end
9.81688326377e-06 -0.00385986883423 0.368361397747 -0.00350525867093 1.35860612516 -127.661298947 0.287925517239 -110.183078635 10343.2284869 end
5.78654535096e-06 -0.00347196258386 0.498903695775 -0.00200768745314 1.2023490795 -171.711675096 0.144043621629 -85.9223088103 12216.8255961 end
-4.80871120778e-06 0.00393483235573 -0.803599077139 0.00139521461262 -1.1708046124 245.199470362 -0.0831738048801 72.1998294777 -15584.5160833 end
-3.71145749055e-07 1.621096663e-05 0.0764735168455 0.000653024589014 -0.484568651607 81.6402111132 -0.126100573643 107.76704168 -22424.8644728 end
2.09113836182e-06 -0.00220435446057 0.572394258827 -0.000652216266665 0.690808260576 -180.166630604 0.0484575238664 -51.3826819793 13546.1880047 end
-1.9110351537e-07 0.000230337981872 -0.0725182774799 8.03057773811e-05 -0.103171677913 34.4119040812 -0.00488355066592 6.69090152492 -2252.17294025 end
-3.61080483898e-05 0.0498995438497 -17.2394706648 0.0105702392391 -14.6570668047 5080.49700441 -2.79976038163 3840.21443349 -1316709.58066 end
-9.8649695637e-07 7.73161227005e-05 0.000876610345301 0.000678649361543 -0.0518630133354 -0.821920615991 -0.115866001444 8.97029826491 228.263491084 end
1.54247528041e-06 -0.000367723059987 0.0230449778253 -0.000936790650109 0.225393306498 -14.3923183059 0.142188368082 -34.6323750607 2335.51106616 end
1.07568490105e-06 -0.000504650690268 0.0650910223816 -0.000985689328516 0.441762450764 -53.2801026689 0.204845137235 -90.0626821324 10536.8992052 end
1.0218513147e-05 -0.00610406814265 0.89982551327 -0.00682758054435 4.0892978372 -605.604174875 1.11026721559 -666.387912312 99189.9495011 end
-6.75435039093e-06 0.00523686616457 -1.00878657472 0.00424333109685 -3.2706987163 625.82826086 -0.650710446652 496.942888898 -94039.9729847 end
3.50686682813e-07 -0.000274214236518 0.0524618965788 -0.00018162762067 0.132642221704 -23.0220503252 0.0344796432616 -25.1244366056 4377.74211224 end
-7.63439674105e-08 0.000160313664344 -0.0604332737517 -9.25877277503e-05 0.0451728893622 -0.00148507404326 0.0418172950208 -35.5724761358 7527.89785196 end
-2.56197279859e-06 0.00326916189684 -1.03286447478 0.0015828645023 -2.01424704507 633.972312985 -0.239815676681 304.222938668 -95242.1317567 end
3.1720785349e-05 -0.0440710118096 15.3040298016 -9.00254362827e-05 0.591542175205 -363.079162266 -3.10583384092 4166.39866398 -1396480.70239 end
-2.18666750971e-06 0.000163491116404 -0.00575973552288 0.00197154214121 -0.15031705072 5.4127364305 -0.439858028098 34.3854864004 -1192.47867336 end
-3.55175945547e-06 0.00112878929241 -0.0796389018549 0.00298196111687 -0.964230517487 68.7673116113 -0.623662405371 204.987358087 -14679.1617505 end
2.83026874884e-06 -0.000993591316611 0.092496220793 -0.00199257135562 0.684425938307 -64.0231138698 0.333402386667 -111.198465097 10609.1205014 end
1.24299474968e-05 -0.00760003590647 1.1462328632 -0.0113563918238 6.92621845968 -1040.8409981 2.56516602561 -1559.79508055 233574.04169 end
2.92445298525e-06 -0.0021832595032 0.393318195292 -0.00268674656687 1.99722985478 -357.595599265 0.582108249457 -431.272654754 76826.0093201 end
-3.3456592465e-06 0.00336343078748 -0.831786769836 0.00277366013048 -2.80499337254 697.33675086 -0.563046537103 573.713242565 -143508.876843 end
6.50913864539e-06 -0.00757672016442 2.18680797508 -0.005587865418 6.51896724911 -1885.38164036 1.19401199689 -1395.36338484 404274.76763 end
7.47091545384e-07 -0.000656235586512 0.111891206117 -0.000833700033498 0.803191991372 -170.401180202 0.221935067702 -226.506534161 53618.4413977 end
0.000545039752987 -0.744870448304 254.494613605 -0.49289145204 673.598152333 -230141.611866 109.890827542 -150182.079871 51312083.269 end
-2.37065091689e-06 0.000122658228406 0.00681656279569 0.00273606980219 -0.138733167855 -7.87622144153 -0.790074985946 39.9898434651 2317.04186912 end
-1.12032244396e-06 0.000376946707241 -0.0261479809218 0.00174935181051 -0.553892181529 37.4338743071 -0.634449814659 192.563389916 -12667.2616395 end
9.63005766655e-06 -0.00381102147753 0.371346450593 -0.0113928964995 4.50035246535 -437.829507474 3.35773741682 -1323.5598873 128574.26952 end
3.64869471827e-06 -0.00218311290161 0.338021552631 -0.00419646031059 2.50595706677 -388.702223513 1.19832348439 -713.849639993 110999.948143 end
-3.47607362889e-06 0.00269447861416 -0.50552564377 0.00434769809113 -3.35074991625 624.993474421 -1.34788284996 1032.64066794 -191361.582194 end
-1.49541289313e-06 0.00118035558982 -0.220791189201 0.00167340940264 -1.30155038265 237.931041408 -0.468931720241 359.572452144 -64189.098947 end
4.22867147767e-07 -0.000355333936498 0.0646627560115 -0.000388159562954 0.297328047712 -42.8237377842 0.0901826524801 -61.1515386456 5436.66433953 end
5.04393561927e-06 -0.00629352735136 1.96408626879 -0.00588473263235 7.34276701953 -2291.68341542 1.70308339566 -2124.38368347 662909.496021 end
-1.97798442617e-06 0.00237892947388 -0.69428819069 -0.000144048115298 0.556474849894 -322.17960614 -1.84606853421e-05 -98.3787022437 70044.7657533 end
1.83715292955e-06 -3.35610465508e-05 -0.000279118533184 -0.00242389305944 0.0308314156785 0.418159250752 0.80248048607 -6.04793702909 -76.6932378085 end
3.20775588242e-06 -0.000852903639802 0.0601011273424 -0.00463255038265 1.23061074907 -86.2345440777 1.66577211016 -442.120464148 30873.8252558 end
-8.63628037673e-06 0.00377918255688 -0.392174815744 0.0119157157938 -5.21543724532 541.338308071 -4.09847988729 1794.22518902 -186224.774403 end
6.393368593e-06 -0.00386263739894 0.580478757807 -0.00883711353591 5.33577983285 -801.579247088 3.03978818051 -1834.3263784 275518.177059 end
2.01786121222e-06 -0.00157804948488 0.307190653478 -0.00288073083796 2.25307631668 -438.719021959 1.0261549074 -802.773340179 156405.580124 end
-4.31609694664e-06 0.00402945601826 -0.935483681768 0.00619580727146 -5.78215818194 1341.82866487 -2.21664127215 2067.90239013 -479666.799384 end
-4.10573998923e-07 0.000450729250162 -0.123752609124 0.000577641000485 -0.63613032365 175.158859283 -0.197474245517 218.236374806 -60264.4209376 end
-1.06024167643e-06 0.00129295256931 -0.393403889057 0.00150018554738 -1.830488477 557.153876079 -0.523171463266 638.818135657 -194497.596061 end
2.13422985365e-05 -0.0295416505237 10.2186544798 -0.0134787565199 18.9957043994 -6683.09716529 -0.459577713052 412.085288568 -68139.7495262 end
-5.8139937209e-08 0.000105394312787 -0.00333500989154 1.60789483566e-05 -0.165746071099 5.15662644911 0.0371226292441 63.6681213135 -1921.76381397 end
9.72374289195e-07 -0.000247047426304 0.0220782870535 -0.00133456198032 0.343769996796 -33.2421756786 0.444384087081 -116.57311913 12484.0681517 end
-6.46057635956e-06 0.00257548686216 -0.243316005824 0.0107028468433 -4.27538628564 404.561105347 -4.44706504586 1781.20549503 -168866.297139 end
2.09731946173e-06 -0.00146145627056 0.230291394754 -0.00352536438006 2.4692381879 -391.413410893 1.46910486677 -1035.66548163 165353.834136 end
-3.93738619425e-06 0.00305101172463 -0.602377010789 0.00647421370838 -5.02008544993 992.381455305 -2.64784360303 2054.13590257 -406489.290568 end
2.88259709488e-06 -0.0025874959133 0.566693346463 -0.00481499500505 4.32072177165 -945.881528508 2.00280924694 -1796.6350271 393162.999786 end
-1.9447968511e-06 0.00212924420589 -0.584104318822 0.00327807083371 -3.59217282195 986.148688972 -1.37063092278 1503.23211013 -412950.35953 end
2.5977380257e-07 -0.000315352822208 0.0959391935296 -0.000415118250946 0.505157887646 -154.201898039 0.169577984454 -206.863394972 63383.4976553 end
1.47882202721e-06 -0.00140981365156 0.275020868253 -0.0146372500361 18.9305919093 -6104.77398602 10.4356089401 -13794.2342283 4554800.02033 end
9.93980643569e-07 -8.49343392169e-05 0.00137388064194 -0.00187054251672 0.159721440193 -2.64407181933 0.88180393398 -75.3185419291 1297.06954205 end
1.347654919e-06 -0.000271103640687 0.0133443586618 -0.00265433381303 0.535794449643 -26.5136069001 1.3057390163 -264.38907067 13165.2494376 end
-4.2245131174e-06 0.00175250092657 -0.170719599884 0.0083834982271 -3.47668448741 338.573022768 -4.15545801001 1722.70837357 -167686.263775 end
7.5575576958e-07 -0.000418270947301 0.0609963750546 -0.00139071994731 0.765948154554 -111.739385329 0.635521939596 -348.150139429 50850.3502804 end
6.8324814195e-07 -0.000569240944875 0.120906827947 -0.00130884222222 1.09439483924 -233.295006719 0.626774166537 -526.016839965 112555.241099 end
-6.89130905729e-07 0.000631995646186 -0.142448125659 0.00134365258466 -1.2330211304 278.109264031 -0.65294245109 599.497145172 -135284.781368 end
1.51562916388e-07 -0.000173568481434 0.0503276753271 -0.000323760281951 0.368270887489 -105.99849037 0.173399579231 -196.047218941 56053.5274464 end
-1.61491622326e-06 0.00208190182732 -0.67012390936 0.00308436297994 -3.97797086328 1280.81012104 -1.46722665199 1893.3268731 -609828.103691 end
1.36750415065e-07 0.000473681949057 -0.38193819341 -0.00202741741995 1.55826823242 -128.958453658 1.98575813249 -2159.20165079 553477.445837 end
