2.19376374635e-08 1.64079976141e-06 -0.0034771862449 -1.30518809047e-05 0.00235447194496 0.781638627163 0.000595837290012 -0.14528820644 92.0325468537 end
3.06871469277e-07 -0.000136488587631 0.0124912855271 -3.72464548808e-05 0.0144227013848 -0.616273351184 0.000131271271967 0.0629742894 66.1134814437 end
1.47831176667e-07 -0.000186025332952 0.0511244309742 5.80061465093e-05 -0.0348962226684 4.22609553851 -0.0035640896177 2.60970491367 -346.186591324 end
-3.29628941731e-07 0.000404336128067 -0.125232958208 5.4045819388e-05 -0.0666048501163 21.083066083 -0.0017509506435 2.18896225096 -591.114506847 end
0.00137679853054 -1.88556126547 645.578677567 -0.164478171169 225.14045654 -77043.2840092 -4.58427955077 6271.90947592 -2145121.78644 end
-4.45211307984e-08 -3.09940094081e-06 0.0016334839376 2.78227142533e-05 0.00336386850077 -1.25060858548 -0.00619208599179 -0.335091753658 289.214721019 end
-1.09725289116e-06 0.000632879858254 -0.0830823593216 0.000830131301803 -0.476551385003 62.3106004934 -0.146142102019 84.3838175907 -10986.6281686 end
6.05439824027e-07 -0.00054567611008 0.124484762161 -0.000519306340601 0.462259198889 -103.740612079 0.116105501219 -102.573862271 22797.012584 end
-9.3307277357e-08 0.000139715866682 -0.048766 6.59237660332e-05 -0.0987978784984 34.3747520599 -0.0136699061358 19.9144775979 -6706.0282127 end
2.45723573073e-05 -0.0338809404641 11.680931419 -0.140553073809 192.699983393 -66050.2900049 53.2091374426 -72921.6142451 24984654.448 end
1.352227483e-07 1.76104857612e-06 -0.00107506832395 -0.000113615167237 -0.0115037743842 1.47117540172 0.0132019630851 7.10437072166 -437.102396689 end
-4.19970082614e-07 0.000238601283653 -0.0284170049599 0.000546811021803 -0.31597961076 38.1310566207 -0.176481422544 103.860007312 -12662.1331991 end
6.66008002594e-08 -0.000115033046742 0.0391317647029 -0.000114364237823 0.176095499087 -57.3516162455 0.0487631394866 -67.9040406723 21171.4993356 end
2.38851539627e-08 -2.00490363912e-05 0.00332928846625 -3.07276575646e-05 0.0245890660639 -3.67079630306 0.0120946895601 -9.88304062285 1642.9589181 end
-0.000256655292937 0.351790508686 -120.545214792 0.214565544022 -294.112303373 100784.577856 -40.6024089991 55653.4831686 -19069984.0698 end
-1.11382173319e-07 2.07835255537e-05 0.000119093165299 0.000187539419701 -0.0355212399826 -0.373405154544 -0.075649523963 14.6705504267 273.924578272 end
-5.81338308093e-07 0.000289270746581 -0.0349988976826 0.00109267051583 -0.544123705661 65.2856354202 -0.512349532217 255.29146777 -30319.7940709 end
-6.20090919043e-08 6.77005526117e-05 -0.0190804346007 0.000100245832904 -0.111411136633 31.7946602679 -0.0385533548442 43.9903011809 -12773.1187699 end
-1.04070197726e-07 0.000118558335878 -0.033507103479 0.000183026089252 -0.208637279543 58.9046651345 -0.0785215586626 89.638462629 -25280.0833276 end
6.11140188377e-07 -0.000732183918448 0.215980080958 -6.53882399493e-06 -0.128323630987 88.6500385622 -0.966687364007 1360.05118268 -476885.809704 end
